2338211973  0.53333  148.0  0.13454  1.8216156224625308
2376269362  0.0  690.0  0.0  3.018176088302338
3926961644  0.0  31.0  0.29928  0.6759490052891695
3767544505  0.0  529.0  53.07956  9.06532676
3759707685  0.0  146.0  13.51587  3.0237622523660166
3294584065  0.0  190.0  7.54679  2.4969487916151665
3753247505  0.0  989.0  59.41319  10.802413747470066
3754247947  0.04286  1200.0  64.9032  11.86628928179328
3570342777  0.0  1495.0  54.14401  10.994060120725841
3752696822  0.01538  942.0  56.82097  10.4136021543906
3761484864  0.0  426.0  34.6732  6.566966478919229
3637135313  0.0  189.0  12.33175  3.071755592051278
3757015085  0.0  499.0  44.3911  7.937994678133828
3780757790  0.0  315.0  39.34416  6.799916061234438
3746939865  0.0  997.0  62.34374  11.171595292204028
3752857661  0.0  577.0  46.52175  8.3891244619469
3645137474  0.0  150.0  13.29954  3.016476197228936
3754247954  0.0  1324.0  63.22513  11.831085290612126
3606595925  0.01408  1627.0  56.87864  11.527690486116683
3759682703  0.0  147.0  13.05677  2.9729576345276483
3761914357  0.0  444.0  38.0783  7.0285675324055585
3518462140  0.0  270.0  8.40152  2.9045835757203076
3768711347  0.0  682.0  49.38618  8.976356184184699
3515804761  0.0  200.0  7.6276  2.5478709831666864
3760175623  0.0  171.0  12.99006  3.07430972583847
3459668794  0.0  1710.0  51.29569  10.958140094845499
2911417694  0.00667  4143.0  45.55041  12.912365662190183
2638454283  0.2093  102.0  0.18837  1.3431520174178024
3261615075  0.00667  2166.0  47.25206  11.070076864469955
3826462328  0.0  585.0  24.47379  5.74038883583851
2170017293  0.00667  15337.0  84.29121  24.43385253321901
2287063990  0.77311  56191.0  14.4538  29.576275540302465
3512978404  0.0  75.0  11.7058  2.41146498894832
3914995215  0.0  28.0  16.58287  2.614520921282643
3826871205  0.0  539.0  24.60691  5.6449974288828475
3526862680  0.0  16.0  0.10162  0.47189602
3913861275  0.04  54.0  18.27653  3.0863632443373614
2661200287  2.66667  254.0  0.06856  3.8771029760635107
2674839821  0.0  9.0  0.00626  0.34545746
3852098758  0.07778  291.0  6.44869  2.799770358350754
3848175398  0.01149  246.0  5.69208  2.4996572715420484
3848740010  0.0  253.0  5.73558  2.521601560495431
3106219185  0.5  123.0  0.70031  1.7410901545864421
3846823713  0.0  109.0  0.74457  1.2896841878738223
3020122813  0.0  2391.0  8.76856  6.67935903679156
3210629081  1.92308  59.0  0.04093  2.3569416044301033
3861377261  0.01333  746.0  9.70197  4.322387588205213
3057413887  0.00667  370.0  8.13118  3.199114955686037
3764767955  0.01333  351.0  14.23418  3.8851720430479277
3855359119  0.0  231.0  1.18221  1.8893762192452694
2690677823  0.23333  213.0  0.12344  1.870133985770606
2376269362  0.0  690.0  0.0  3.018176088302338
3261615075  0.00667  2167.0  47.25137  11.071227645936473
3824373809  0.0  480.0  20.89369  5.045469364293744
2401860852  0.0  646.0  1.30672  3.078472423236504
3259624771  0.02667  2205.0  43.32223  10.657776799909243
3296425571  0.00667  2288.0  43.87199  10.809623974529401
3837391552  0.0  420.0  20.48212  4.8330858060175155
3477812530  0.0  1031.0  36.83965  8.146943433468934
3852156741  0.0  216.0  5.58929  2.364982318674723
3750647232  0.0  844.0  37.46522  7.871329432847542
3868080794  0.0  153.0  1.86009  1.6463053991504075
3880498321  0.0  355.0  0.6138  2.2391516789947876
3867831653  0.0  711.0  0.99352  3.1839765356486835
3830183175  0.05333  890.0  2.68377  3.7932821309625138
3863641575  0.06667  757.0  1.31977  3.3719511469070094
3864074286  0.03333  722.0  1.38351  3.280241791016704
3832082498  0.33333  990.0  1.19233  4.014213482642512
3829445389  0.08333  1044.0  2.10262  4.030622091038527
3811139626  0.01333  1163.0  11.93712  5.372987062564389
3832159876  0.0339  1069.0  2.14712  4.042424980037664
2779244580  0.15333  3558.0  7.97655  7.935989020006297
3850703708  0.03333  709.0  2.49657  3.3870009174185616
3832141265  0.16667  900.0  1.17647  3.716705417
3880158622  0.0  212.0  1.7414  1.8836786525566631
3863458404  0.03333  759.0  1.3945  3.3596917397470687
3850732749  0.06667  554.0  1.03816  2.8809847146069707
3850249139  0.06667  675.0  1.00578  3.15783149384496
3199093037  1.73333  123.0  0.22937  2.626493867586442
3826277188  0.04  945.0  5.48819  4.226758919026274
3830143984  0.08  917.0  2.67328  3.8639975830512006
3829438330  0.0  1033.0  1.12153  3.8286275946612873
3850682609  0.06667  577.0  1.19918  2.956036038946899
3810701096  0.06667  1144.0  1.85032  4.161101900911128
3835292039  0.02222  879.0  1.54643  3.6106439670698522
3802913235  0.02667  1273.0  9.75258  5.2999722526746105
3481903085  0.01351  1582.0  9.01441  5.671140978950538
2632720655  0.1  53.0  0.13582  0.9293288462783316
3288742335  0.0  1672.0  11.04383  6.034575529399948
2992468500  0.61333  462.0  1.13087  3.075162609397518
1999063221  0.06667  439.0  0.4866  2.517243500888075
1637310372  0.04202  299.0  1.90822  2.249808833919338
3090161440  0.93333  43.0  0.11384  1.4803817794422998
3794304804  0.02  1343.0  10.71442  5.522463029975638
2248229545  0.02667  389.0  2.27057  2.561299744889011
2262074934  0.08696  192.0  0.218  1.684925238317312
1274568014  1.83333  204.0  0.15119  3.0602416958791467
3145174225  0.46667  183.0  0.07632  1.9201556567980516
1882790221  0.2437  368.0  0.36911  2.435037648114526
2242593612  0.36957  214.0  0.15336  1.9817870895238634
2643690301  0.01333  198.0  3.15181  2.008340775411136
2163533803  0.84  190.0  0.22252  2.252556121615166
2737787331  1.23333  223.0  0.13418  2.6744461347005224
2946022537  2.4  210.0  0.16667  3.519066258137166
2996421241  0.13333  961.0  0.66815  3.7446236030000004
2725517501  3.7619  111.0  0.0874  4.095589806202779
1917692014  0.51181  1183.0  7.77953  5.284355884337179
2507122375  0.00667  1792.0  1.97132  5.107575477261143
2130870163  0.7  670.0  0.7092  3.5947959584541915
3167131763  0.13115  294.0  0.9434  2.18448771512051
1145166567  8.09023  514.0  0.71017  8.872638487403815
1800318630  1.04795  2544.0  4.92508  7.19200876485734
2840143982  0.0  393.0  0.42152  2.3288076714237262
2528857551  0.0  2037.0  3.43824  5.6018244107039505
2371950627  0.71429  766.0  0.38015  3.771840544211931
3299255424  0.06667  14.0  0.19657  0.5046439507403259
2416233595  0.02  1679.0  2.74403  5.055406356916302
3413009410  0.01351  1591.0  15.66239  6.488527702156164
2919675650  0.00667  247.0  5.19311  2.4392581028681466
3045413810  0.02  175.0  2.48657  1.8361410982066073
2920341522  0.0  282.0  5.18084  2.5563807511684917
2919516192  0.0  251.0  4.99694  2.4249880865900333
3043688394  0.0  138.0  2.86042  1.6958802003016868
2790070274  0.00667  255.0  4.8812  2.4305276086649337
3045349490  0.0  139.0  2.64615  1.6748351714811782
3045177200  0.0  137.0  2.60294  1.659825759741685
3044615904  0.0  155.0  2.74892  1.7631127838089053
3044084400  0.0  163.0  2.76046  1.8009606589689455
3199882285  0.08667  109.0  1.96844  1.5039970048738225
2376269362  0.0  692.0  0.0  3.022547091444565
3261615075  0.00667  2167.0  47.25137  11.071227645936473
3547543151  0.0  61.0  12.69164  2.4330861277616744
3914995215  0.0  28.0  16.58287  2.614520921282643
1938413962  7.25  15.0  0.00425  5.985245036479232
3913861275  0.04  54.0  18.27653  3.0863632443373614
3789445095  0.0  290.0  19.07245  4.264442943444943
2972610230  1.13333  62.0  0.15701  1.789699167723957
2396830681  0.14035  83.0  0.18387  1.1762785232436799
3863814838  0.33333  115.0  0.09376  1.4982076413683385
3057413887  0.00667  370.0  8.13292  3.199325495686037
3885153146  0.0  83.0  0.0  1.04678881824368
3847892067  0.0  235.0  3.95509  2.239949536455252
3843005217  0.125  205.0  0.22747  1.768154010170453
3764700124  0.00667  182.0  12.48085  3.0653651430153617
3861259081  0.0  101.0  24.05938  4.06591568886679
3833827784  0.0  111.0  0.18292  1.2326799362027796
3217757270  0.0  126.0  23.61606  4.1472925612209774
3551747980  0.0  268.0  22.80892  4.640873386976289
3268337812  0.0  1736.0  10.60624  6.070701837548722
3803728550  0.16667  1172.0  1.13402  4.198111355229724
1861893942  0.28859  2282.0  2.18714  5.973961150383247
3300326215  0.01481  769.0  36.22375  7.580664649563499
3759542330  0.0  198.0  14.27848  3.3444823924111358
3711831203  0.02  247.0  31.15516  5.590851605868147
3699075764  0.02  213.0  29.86226  5.305525752770606
3636144240  0.33333  114.0  4.11466  1.9793676041583974
3317072273  0.01333  805.0  43.81141  8.571368831403733
3303745627  0.00667  827.0  36.40135  7.713909020477224
3455554394  0.00667  557.0  15.0386  4.5365045181331265
2669216911  0.15556  25.0  0.23017  0.7212139660000001
3615215304  0.0  3.0  0.42093  0.249945167789664
3599850902  0.0  3.0  0.34443  0.240688667789664
1783790267  0.08  69.0  0.35752  1.0588190018492867
2786994720  1.64  188988.0  19.15102  53.52058726828787
3395960510  0.72727  27.0  0.0524  1.159085320368992
2042750147  9.80132  263297.0  4.85878  67.03513375234574
3424864034  0.0  2.0  0.0  0.16249313831666864
3462799952  0.16667  120.0  1.19205  1.530257034146872
2627707715  7.0  23.0  0.00446  5.900280702028632
3340211754  0.73333  92.0  0.08593  1.672817067057263
3120834617  0.01333  391.0  1.34307  2.4446973433344685
3233749194  1.51724  118.0  0.25393  2.438182092438905
3290028435  10.0  4.0  2.29665  8.14869465
3043944210  0.0  161.0  2.72217  1.78730012939765
3193874392  1.42373  151.0  0.58642  2.570743751083374
3233833720  0.4  154.0  0.23921  1.7604559119243495
3303494375  0.01333  140.0  2.32632  1.6511853071562919
3284289440  0.06667  193.0  0.49965  1.7076420113877826
3264135864  0.6  114.0  0.09399  1.6966290811583977
3079903484  0.01333  1501.0  42.08403  9.553894053270856
3208551984  0.06667  84.0  0.34791  1.146115551700852
3197490104  0.02667  91.0  0.73398  1.2052662694280705
2916521020  3.0  129.0  0.07987  3.606977407864903
2677290080  2.36667  108.0  0.08826  3.013127833737984
3198066660  0.0  1.0  0.24363  0.14437923
3171691734  0.04444  981.0  1.21333  3.7795431876214667
1590762873  0.02326  32.0  0.42  0.7185655192666746
1100829882  0.2  1171.0  0.59426  4.156589357695341
2780229237  0.14167  39.0  0.67509  0.9074862070159759
3227459553  0.0  3.0  0.0  0.199012637789664
2698956383  0.6  43.0  0.03374  1.2159922264422998
2064130833  0.2  179.0  0.02124  1.692647269613834
3217161603  0.0  5.0  1.04386  0.38323127061472584
3216954433  0.0  2.0  2.87712  0.5106246583166687
3213538967  0.5  7.0  0.00716  0.6869131856413214
3173621237  0.125  91.0  0.22371  1.2186575524280705
2809282145  0.02469  90.0  0.46337  1.1649705084600404
3209014607  0.0  2.0  0.0  0.16249313831666864
3210287017  0.0  4.0  0.22294  0.25677574000000003
2488465953  0.03448  22.0  0.20108  0.5896056188037121
3136209921  0.06667  22.0  0.07638  0.599113297803712
3210199693  0.0  10.0  52.85393  6.758671233153347
2752010965  1.13333  72.0  0.0558  1.8476880829000115
1699473465  0.5  4.0  0.01199  0.61330079
2706069753  3.2  120.0  0.12741  3.719203047146872
1593162681  0.09091  90.0  0.94157  1.2734314104600404
3201722983  0.0  18.0  2.2395  0.7584589149500058
3189183021  0.37209  147.0  0.81953  1.776565563527648
3170964507  1.46309  275.0  3.77163  3.4797152410591776
3165537553  0.21477  249.0  1.97447  2.216108044993036
3170317421  0.02222  184.0  0.33912  1.6165912521221868
3196488677  0.0  80.0  0.08175  1.0375885924589034
3124676875  1.06667  159.0  1.11765  2.399112069464335
3169901927  0.34286  282.0  0.82234  2.2909815771684916
3164576191  0.05333  89.0  2.03856  1.3713796450733038
2763432043  0.0  105.0  1.68719  1.381524633008758
2691972765  0.03333  52.0  0.62141  0.9292137461016248
3179283117  0.0  72.0  0.49185  1.0344726799000117
3169021105  0.0  107.0  0.34958  1.2308340217274105
3141862815  0.73333  87.0  0.24286  1.661439366199905
1971671521  0.0  182.0  0.57018  1.6190775260153616
3267007590  0.0  2225.0  44.01733  10.74591909036652
3260296951  0.02  2119.0  40.68358  10.227140592068002
3875144044  0.0  205.0  9.82656  2.8341314001704534
3225016754  0.00667  2063.0  0.0  5.223884397641181
3750399253  0.0  322.0  20.21962  4.508380805322039
2376269362  0.0  692.0  0.0  3.022547091444565
3757689475  0.0  467.0  19.97824  4.900377041993548
3848718497  0.0  98.0  5.66041  1.8223615782166802
3894957015  0.0  104.0  0.11108  1.185195364223622
3753416163  0.0  590.0  18.02957  4.972489272782659
1012580017  1.42857  66.0  0.11349  2.0387546396926717
3848116804  0.0  206.0  10.13746  2.8757579008474017
2376269362  0.0  692.0  0.0  3.022547091444565
2976339775  0.00667  1274.0  40.20622  8.971190561782677
2789835582  0.0  236.0  4.83513  2.3501780228602063
2037321225  0.01333  8608.0  24.71719  13.66130793655995
3466693492  0.00667  1318.0  49.66808  10.186294817982276
2920572604  0.0  250.0  5.29278  2.4571548957667337
3881395024  0.04167  240.0  1.47058  1.9898033729169289
2035235897  0.04  19136.0  5.80069  16.626901345354703
1108122283  0.36364  226.0  7.14273  2.8694534078750475
3919887759  0.0  62.0  0.18054  0.9265688447239572
1582689697  0.0  319.0  2.16756  2.314454379331602
3261615075  0.00667  2168.0  47.25092  11.072407182647765
2431868625  0.83333  183.0  0.10095  2.2033007927980517
2804959590  0.00667  264.0  4.98234  2.4748637123853436
2384584982  0.0  666.0  0.0  2.9652215195495937
3918964295  0.2  62.0  0.22234  1.0844466447239571
3884836464  0.09091  1765.0  1.11369  5.031388484340481
3572691502  1.05  95.0  0.29789  1.9582563602185499
3874329674  0.0  523.0  0.0  2.627670304661527
2322875212  0.00667  3327.0  60.40379  13.941404666796512
3760175623  0.0  171.0  13.01235  3.0770068158384705
3637187893  0.0  120.0  15.34326  3.115200897146872
3747750135  0.0  951.0  0.0  3.5433192785861114
3561944561  0.0198  451.0  3.41587  2.8685532408253
3217943893  0.01333  3467.0  29.81641  10.383425125367138
3753338347  0.0  423.0  43.54683  7.632310570758239
2400856553  0.4381  217.0  0.48132  2.0855746222192013
3077879773  0.00667  3360.0  39.7541  11.475579399548664
2804136302  0.00667  214.0  5.18037  2.312763409523863
3919477482  0.125  74.0  0.37063  1.128765903183198
3829279427  0.0  566.0  23.94418  5.6308034728245
3756943264  0.0  703.0  29.29036  6.590609069502743
3584792260  0.88889  8.0  0.06178  1.0116625056333373
2743661827  0.14189  437.0  0.87084  2.6157220049461536
3852165419  0.0  195.0  1.19926  1.7496016410290514
3841968226  0.0  84.0  5.72279  1.745533484700852
3787500442  0.0  577.0  33.86782  6.8579989319468995
3867751896  0.125  156.0  0.16751  1.5508817500319518
3885086587  0.07143  148.0  1.26122  1.6050061124625308
3753396210  0.0  445.0  21.48007  5.0229066253078605
3851726100  0.0  207.0  10.7428  2.9530019260858946
3835337789  0.0  568.0  22.34339  5.441933231139424
3702548151  0.00667  333.0  53.52486  8.578332851193796
2833613965  3.8  4035.0  0.36825  10.24677581806707
3607360703  0.01333  723.0  32.10009  6.983803298810264
1582739611  0.0  307.0  2.12643  2.2705086672657577
3918977285  0.0  87.0  0.26514  1.103797793199905
3843142624  0.01111  156.0  3.60684  1.880017331031952
2920557804  0.0  229.0  5.12819  2.3592634997034367
3935157371  0.0  5.0  4.12476  0.7560201706147258
3261615075  0.00667  2168.0  47.25092  11.072407182647765
2546794042  1.3557  831.0  3.8287  4.811393483180822
2809670620  0.0  354.0  5.13568  2.7832478792838566
1583605040  0.00667  284.0  2.21264  2.2091552048759273
3853931216  0.0  201.0  2.94021  1.9847540563692743
3836483130  0.01333  142.0  8.01628  2.349346853569712
3757226915  0.0  543.0  17.17354  4.755439549438593
3835319034  0.0  560.0  24.84671  5.725482178312584
3880478319  0.0  83.0  0.03682  1.05124403824368
2313206412  0.1  239.0  0.31776  1.8911698533967614
3848074224  0.0  159.0  10.50362  2.719771892464335
2860753670  0.06667  222.0  0.50016  1.823433349518829
2629649061  2.17857  931.0  0.1085  5.183636257289764
3921938024  0.0  75.0  0.30092  1.0314745089483202
1920250281  0.83824  512.0  0.17859  3.261998787066698
2789713540  0.0  234.0  4.84752  2.344181946335433
3860824328  0.0  173.0  0.08046  1.5210092057222826
2804306972  0.00667  220.0  4.88989  2.3010156493345835
2867090072  0.0  188.0  21.12717  4.13181699717216
1096781845  0.08667  1453.0  1.54229  4.632627080375053
1559322431  0.06  1025.0  4.73883  4.297839304405172
2216432277  1.63333  225.0  0.08575  2.9819032030000003
3850722545  0.0  217.0  6.08287  2.428609962219201
2401729143  0.93333  50.0  0.06069  1.532966634583343
3757169223  0.0  536.0  20.32467  5.119412390261194
3794236640  0.06667  52.0  0.28365  0.9138198801016247
2804714790  0.0  275.0  5.13136  2.5262955020591775
2441671485  0.08667  513.0  0.67565  2.7504061268378277
3837384580  0.00667  401.0  23.86371  5.193476163928141
3854313556  0.0  154.0  10.46554  2.6922018419243496
1777811892  0.0  296.0  2.17165  2.2395839963663957
3873227873  0.01754  473.0  2.79051  2.8499639323400348
3861756281  0.0  139.0  0.18192  1.3766633414811782
3863355674  0.25  169.0  0.12509  1.69986089
3837565090  0.0  75.0  2.29681  1.27297719894832
3881351198  0.0  292.0  1.46808  2.1410497406739686
3869452837  0.0  48.0  2.25468  1.068866831158656
2920553610  0.0  257.0  5.19948  2.4711242053621727
1778335033  0.01333  279.0  2.13093  2.1872363588675086
3847806014  0.02857  264.0  5.05786  2.5007354223853437
3881150388  0.06667  179.0  1.89275  1.817222526613834
3863759543  0.08333  235.0  0.21592  1.8511824194552517
2495792192  0.02667  187.0  0.64935  1.6701837656522769
3863841345  0.0  124.0  0.10058  1.291642430578339
3885005135  0.0  104.0  1.06693  1.300853214223622
1879761862  0.00667  583.0  0.89609  2.8878290852658868
3861761471  0.03333  292.0  2.39816  2.2790568736739685
3826788782  0.0  524.0  24.47077  5.591144388091256
3850259041  0.5  76.0  0.03623  1.388108807225647
3278137612  0.00667  775.0  16.36991  5.184536283445848
2837803130  3.125  53.0  0.01655  3.226299676278331
3847057449  0.0  117.0  0.61486  1.3172315846524372
3887265591  0.06667  87.0  1.39338  1.291257380199905
3881524984  0.0  146.0  1.06042  1.5166528023660164
3850239298  0.18182  178.0  0.97011  1.7892691729681158
3885627540  0.0  156.0  1.22461  1.5832783500319518
3887275077  0.13333  121.0  1.23679  1.515429043
3886882741  0.06667  91.0  1.34439  1.3096898794280705
3884959154  0.06667  151.0  1.16501  1.603823595083374
3885528351  0.0  57.0  1.27325  1.0215392266126093
3885174517  0.06667  175.0  1.42423  1.7432585052066074
3848279457  0.0  91.0  0.67247  1.1774450124280704
3846556860  0.0  139.0  0.69663  1.4389432514811782
3837521773  0.0  178.0  1.65935  1.7337385509681158
3826744757  0.0  513.0  26.09333  5.759720859837827
3886932738  0.0  4.0  0.0  0.2298
3846336079  0.0  60.0  0.0  0.8900115729584644
3885179826  0.06667  185.0  1.12138  1.7494384884537026
3850354015  0.0  149.0  0.9292  1.5149664402478022
3886959350  0.0  112.0  1.39655  1.3849698525652858
3888617315  0.0  195.0  1.47431  1.7828826910290514
3886873663  0.06667  37.0  1.33978  0.9119653417312654
3886832980  0.0  205.0  1.09228  1.777283520170453
3846740024  0.0  118.0  0.59021  1.3195488884389048
3885118432  0.0  107.0  1.22419  1.3366618317274104
3887153593  0.0  16.0  0.0  0.4596
3881156224  0.0  169.0  1.15034  1.63289114
3885580741  0.06667  146.0  1.27321  1.5933429393660163
3885559216  0.0  172.0  1.12237  1.6427061428845997
3861381927  0.0  160.0  0.13539  1.4697650026133873
3885001624  0.0  107.0  1.17339  1.3305150317274104
3846669158  0.0  217.0  0.57691  1.7623888022192014
3885017197  0.0  111.0  1.42032  1.3824053362027795
3887258027  0.0  77.0  1.3953  1.1770747081113548
3888926993  0.0  7.0  0.0  0.30399682564132147
3885597877  0.0  90.0  1.32658  1.2505532894600404
3881655520  0.0  119.0  1.24811  1.4044323319716434
3846644244  0.0  35.0  0.05934  0.6869377070781459
3886867761  0.0  3.0  0.0  0.199012637789664
3886744691  0.0  139.0  1.34143  1.5169640514811782
3847059137  0.0  160.0  0.73825  1.542711062613387
3846165584  0.0  237.0  1.49947  1.950298886177341
3179972913  0.02  3474.0  41.77537  11.842382238202717
3842166177  0.00667  157.0  6.23876  2.1996793804976775
3457670772  0.10667  798.0  5.17457  3.953427412741508
3262023781  0.00667  1509.0  28.4884  7.915581019977747
2233135727  1.21429  306.0  0.03241  2.941689717153175
2921721657  0.37778  110.0  0.23709  1.5224309545475043
2922178000  0.0  48.0  0.29476  0.831716511158656
3843084621  0.0  136.0  6.49516  2.12586710543545
3843078365  0.0  96.0  6.45363  1.9066747157831485
3757757184  0.0  456.0  20.9134  4.984113982316796
3921760173  0.06667  108.0  1.02273  1.368768703737984
5000165947  0.25  94.0  0.17618  1.3263396112342725
3252691162  0.02667  6851.0  9.30887  10.657113035691959
2008354453  0.07383  666.0  0.62242  3.0969478425495938
3837466124  0.0  116.0  6.42033  2.014370802679509
3829152458  0.0  392.0  23.26809  5.090342826433361
3825738740  1.0  98.0  0.12856  1.9171077282166804
2126001964  0.0473  253.0  0.67917  1.9459178804954311
3921654731  0.0  85.0  0.29512  1.0950351781429526
3824220393  0.15789  288.0  4.04993  2.5606029388000233
3261615075  0.01333  2169.0  47.25136  11.07878303080083
3757000185  0.0  494.0  17.3291  4.65060122757559
2417761051  1.24  773606.0  33.36145  106.0443705881217
3921645378  0.0  64.0  0.22497  0.94642137
3880389271  0.04348  174.0  1.3941  1.7175442626055586
3918584537  0.0  93.0  0.27865  1.1417721224380903
3847731509  0.0  304.0  5.20482  2.6331331744512934
3860977715  0.0  93.0  0.32692  1.1476127924380903
3921085806  0.25  72.0  0.17825  1.1875520799000117
3881446929  0.5  82.0  0.19423  1.4460155823719893
3919836828  0.0  57.0  0.17643  0.8888240066126092
3866601455  0.0  235.0  0.13291  1.7774657564552518
3918619189  0.0  90.0  0.9292  1.2024703094600402
3919476280  0.0  46.0  0.69264  0.8630991550610934
3885572231  0.09091  43.0  0.55954  0.8906183574422999
3852193632  0.0  203.0  2.04526  1.8845494669242482
3837403237  0.0  468.0  23.83649  5.3698823393048745
3863377533  0.28571  147.0  0.12613  1.626661205527648
3850328790  0.0  110.0  0.23679  1.2337329565475041
3862042753  0.0  181.0  0.14072  1.5628485230087694
3918903099  0.0  114.0  0.35912  1.2702498111583975
3824510746  0.0  243.0  0.6882  1.874385940106976
3847959584  0.0  159.0  0.85368  1.5521291524643348
3837227369  0.0  190.0  0.98085  1.7024700516151663
3880066538  0.0  82.0  0.70523  1.1257965823719893
1772287625  2.25333  1321.0  1.36864  6.06348016106976
2280351070  1.83333  153.0  0.31664  2.860395402150407
3850315038  0.0  208.0  1.49629  1.8381624562032495
3921715799  0.14286  53.0  0.30943  0.9830849822783315
3846663087  0.02222  318.0  6.03043  2.795620844064593
3852230958  0.0  150.0  0.67314  1.4886817972289357
3850727710  0.01111  252.0  3.96223  2.3118999348479288
3847075675  0.03333  356.0  1.80534  2.4118424571466077
3826816145  0.0  463.0  26.60329  5.691351347526116
3926760399  0.0  3.0  0.0  0.199012637789664
3824569902  0.00952  253.0  4.24416  2.348413972495431
2592810774  0.08  1544.0  3.9809  5.057670545468477
1275344841  0.36667  677.0  0.10881  3.2829473558230164
2142373653  0.0604  828.0  1.56416  3.541661252171789
5000392851  0.0  2.0  0.0  0.16249313831666864
3842864947  0.0  306.0  6.18365  2.758150768153175
3853878373  0.0  162.0  0.65723  1.5419630748500175
3861728075  0.0  177.0  2.14666  1.788390936530193
3832082498  0.33333  990.0  1.19233  4.014213482642512
3158582862  0.41333  11403.0  2.72083  12.914622894046468
2313615107  0.0  100.0  0.33825  1.18992825
1734925471  0.09396  480.0  0.86219  2.6934527002937436
2734752543  0.1773  184.0  1.51849  1.8777916501221867
1911521683  0.2  551.0  0.23946  2.8788870777714046
2032209053  0.52239  194.0  0.41345  2.049557462048455
1256688082  0.36  262.0  0.19913  2.1589897050618205
3326202752  0.02  627.0  14.08093  4.596166859071141
2134998477  0.42  239.0  1.6008  2.2909296933967616
2488648052  0.3038  476.0  0.30006  2.775262883943287
2873739442  1.06667  312.0  0.23063  2.8724874240821396
2672272643  0.0  213.0  0.20597  1.7018326627706062
2647725635  0.33333  19.0  0.17115  0.7762440916128234
1833577364  0.31333  340.0  0.85953  2.4620698992859054
1760349003  0.10084  199.0  0.27741  1.7314824180636104
2927382893  0.0  84.0  0.02699  1.056341684700852
1637310372  0.04202  299.0  1.90822  2.249808833919338
2969102047  1.71429  115.0  0.02144  2.544648457368339
3791520301  1.26667  3178.0  0.82149  7.5446070288737035
2283022595  0.34483  134.0  0.06904  1.6019021031305969
3309586985  0.00667  1761.0  46.1391  10.409622329370503
3264076025  0.0  2124.0  46.0295  10.864951378580619
3244720951  0.00667  2275.0  40.92263  10.437115489140353
3686309441  0.26667  36.0  0.37628  0.938692427
2132860103  0.41463  247.0  0.10838  2.1357280088681465
1366179800  0.15556  240.0  0.10965  1.912154191916929
3757099925  0.0  503.0  18.70792  4.840596625431467
2812479512  0.0  3089.0  42.51086  11.52981506923888
3031080661  0.0  2506.0  25.82081  8.876207878556247
3292485651  0.00667  2022.0  43.07281  10.383575137429753
1776289843  0.6  178.0  0.0081  1.9923973009681157
1203873160  0.73077  347.0  0.13242  2.7147540245716533
2183710971  1.23333  271.0  0.09541  2.8454247830494324
3837102173  0.0  129.0  5.80575  2.007508887864903
3928442114  0.0  11.0  3.66179  0.8241567784118354
1686578834  0.03448  540.0  0.33105  2.7364379368753933
2680046273  2.0  245.0  0.01101  3.3280016843030813
3885165996  0.0  156.0  0.40802  1.484470960031952
3001790940  0.18667  11477.0  37.40204  16.977605851405023
3852164673  0.0  188.0  2.1019  1.8297593271721597
3316855723  0.16667  319.0  0.30815  2.216818316331602
3756026307  0.0  64.0  4.1868  1.4258028
1641229860  1.6  280.0  0.05352  3.151680660975306
3885504208  1.0  161.0  0.22641  2.2494131693976502
2373876494  0.09333  91.0  0.26799  1.1998163854280703
1104756043  2.66667  29.0  0.07424  2.6653410233397543
2564097435  0.11765  295.0  0.20856  2.0886044328878004
3863402085  0.0  215.0  0.21868  1.711224996510884
3826279577  0.0678  848.0  2.20374  3.664397025113326
1280296874  0.0  160.0  0.00414  1.4538837526133872
2614805425  0.05  60.0  0.23199  0.9562873629584645
1116139325  0.50847  215.0  0.23189  2.101345333510884
3863652951  0.03333  766.0  1.41593  3.3768483882119313
2291434295  0.30303  566.0  0.3763  3.0106352158244993
3863659846  0.06667  834.0  1.23556  3.518649089168901
3099133611  0.51724  581.0  0.16272  3.18445509227597
3866985548  0.0  762.0  0.9729  3.2894604258753515
3867233014  0.0  249.0  2.2754  2.088414817993036
3864072230  0.03333  746.0  1.23581  3.313264228205213
3866976791  0.08333  692.0  0.91246  3.196627204444565
3787633974  0.04  1401.0  9.049  5.426192479154524
3831693953  0.13333  824.0  1.59667  3.5933250046948033
3863664090  0.0  723.0  1.30193  3.247040485810263
3855392617  0.15  807.0  2.65568  3.7000022290663437
3846755214  0.0  138.0  1.21593  1.4968969103016867
2330196165  0.2  51.0  0.02431  0.9763116364395735
3863732141  0.06667  237.0  0.88174  1.9264961031773409
3863653077  0.06667  767.0  1.3006  3.3904436280642076
3880486103  0.125  527.0  4.81633  3.3159880470906193
3835316384  0.0  749.0  0.84586  3.2469166757462413
3830153668  0.1  1130.0  2.05542  4.187533624950676
3483576532  0.0  390.0  42.96428  7.467771068919309
3832180091  0.01667  827.0  2.18893  3.5818472004772235
3864091702  0.1  770.0  1.17032  3.4063643254825675
3826615643  0.03333  1124.0  2.23003  4.147451033352401
2495395981  0.02  1730.0  1.24342  4.94480239204103
3852209775  0.02222  204.0  4.32287  2.181145824879147
3861959621  0.03846  774.0  0.91496  3.3367137413973693
3794366951  0.05769  1327.0  3.23654  4.621280755899989
3803728872  0.3  1085.0  1.21442  4.160904777341739
3830140241  0.05  801.0  2.12017  3.546638866219911
3866999768  0.0  466.0  0.61013  2.5541758383516413
3501741302  0.02055  1568.0  6.3219  5.330460027866721
3866982961  0.0  610.0  0.88394  2.944777400295502
1818192484  0.08  294.0  1.47848  2.2101486801205104
3784207985  0.09589  1391.0  2.08901  4.6113630735236555
2495257701  0.00667  1704.0  1.26069  4.900658594838458
3502058191  0.02013  1641.0  6.51119  5.4577490903015855
3784212891  0.15493  1343.0  2.09841  4.583025832975638
3784210440  0.25  1464.0  1.41917  4.759077432739126
3304789260  0.06667  145.0  0.30987  1.472016034103235
3679823425  0.21429  103.0  0.18873  1.3526829598290961
3824507138  0.03077  853.0  2.3459  3.6631534699240516
3830154930  0.03333  899.0  2.31106  3.7501901807598257
3829455448  0.02222  1193.0  2.10404  4.2401938478013905
3708499440  0.0  427.0  1.68284  2.5779147489417826
3758785083  0.00667  420.0  65.69883  10.309404263017516
3550130494  0.05263  737.0  1.23524  3.3089543995224924
3764309631  0.0  190.0  14.35411  3.3206345116151663
3802918623  0.23077  1128.0  1.03023  4.159987409336984
2420019592  0.01333  2960.0  54.83469  12.89641878881481
2206158654  0.08667  1073.0  10.32494  5.079284670585784
3764284227  0.24242  160.0  1.16435  1.7795022846133872
3791045944  3.5  18.0  0.70793  3.247488944950006
3803088112  0.0  20.0  1.17295  0.6557753712294517
3795961367  1.7  13.0  0.12245  1.7280642915508124
2371950627  0.71429  766.0  0.38015  3.771840544211931
3756994991  0.0  509.0  20.75017  5.103032726881514
3824141495  0.0  553.0  24.93639  5.719286078546854
3950451904  0.0  1.0  0.0  0.1149
3835727638  0.01333  480.0  25.70863  5.638262557293744
2970089205  2.875  170.0  0.11273  3.708540542715569
3835667046  0.0  678.0  25.32614  6.056278906933795
3283018605  0.02  2490.0  47.04891  11.44169859696239
3029551831  0.40385  471.0  0.94045  2.91599743919281
3901631658  0.30337  102615.0  6.6455  37.842489496171645
1727576195  8.96552  29841.0  0.17398  26.720060777846484
3769186273  0.49057  52317.0  20.22529  29.10307791890835
1863131402  2.29139  5675.0  0.88737  10.513938134071974
3874032078  0.0  130.0  0.0  1.3100615634389094
3929645359  0.0  31.0  0.25466  0.6705499852891694
3314881743  0.0  2212.0  44.20776  10.753104737093707
2678659817  0.66667  162.0  0.15587  1.9907010618500174
3891400450  0.1875  122.0  1.09803  1.5452423608748165
1794989180  0.07285  277.0  1.11056  2.102359565668013
3822767859  0.0  499.0  16.68448  4.585493658133829
3756923500  0.0  680.0  27.52434  6.3266705654311375
2476750772  0.95238  227.0  0.36949  2.503564901014395
5000016234  0.0  20.0  3.03011  0.8804917312294518
3911144542  0.43333  97.0  2.31927  1.7433728844263723
3824373809  0.0  484.0  20.91246  5.05820766
3888952893  0.0  109.0  1.47599  1.3781860078738224
3837116275  0.0  547.0  24.50108  5.65191545649839
3308615991  0.0  2174.0  44.14546  10.698947927071643
2775759441  0.05882  106.0  0.08396  1.2380714251994065
3789294043  0.0  350.0  18.92231  4.43918167870163
3822399964  0.0  553.0  16.64824  4.716419928546854
3880202429  0.0  69.0  0.5832  1.0249982818492869
3826465291  0.0  479.0  25.28164  5.573787725384694
3568346957  0.01333  1169.0  54.83264  10.573439658174658
3911439247  0.02222  81.0  3.83184  1.5147309420000001
3822722100  0.0  512.0  16.4519  4.590570113066698
3303606497  0.23333  277.0  5.93759  2.8090529636680133
3890041794  0.03333  168.0  0.0  1.5147416654941264
3852006555  0.0  246.0  1.76625  2.0158523325420483
3912494302  0.03333  65.0  3.06494  1.3226786082795032
3287326261  0.01333  1519.0  48.38698  10.343162910024187
3908323875  0.0  107.0  4.1217  1.6872605417274102
3929881268  0.14433  60340.0  16.33355  30.310909735659664
3191884752  0.13333  552.0  0.70012  2.8861307336033737
3016289641  0.70115  189.0  0.68771  2.198575467051278
2695528522  0.35294  385.0  0.06824  2.5324392924030525
3911030949  0.04444  72.0  3.67471  1.4535553439000117
3737909263  0.0  237.0  5.38326  2.420237476177341
3390007982  1.01987  11654.0  3.96466  13.662885941924994
2974306542  0.0596  11007.0  1.17279  12.242095355461515
2684744253  0.06667  163.0  1.01232  1.6403782659689456
3912242809  0.06667  191.0  3.78755  2.0971856900286956
3772356233  0.0  748.0  15.48428  5.0160656173045535
2128950421  0.22819  236.0  0.68678  2.022587651860206
3908307959  0.0  106.0  4.36595  1.7112478531994064
2810657370  0.8  1637.0  0.13359  5.27628191888827
3911444212  0.02222  107.0  3.83184  1.6691657837274105
2708016143  0.64  329.0  0.34881  2.61532724621524
3251527094  0.03333  10354.0  3.61123  12.154030601484267
1774888633  1.29333  781.0  0.33562  4.239882216148391
3845874588  0.09272  12943.0  13.9916  14.835694454576823
3852156741  0.0  216.0  5.58929  2.364982318674723
3822761194  0.0  542.0  16.64502  4.689022077823883
3043181770  0.13333  72.0  0.37715  1.1224714329000118
3772521587  0.02  376.0  6.49764  3.0294901024685448
1923984497  0.03333  439.0  0.15474  2.451613346888075
3146014163  0.07143  1311.0  0.05953  4.222051427355239
3912512928  0.11111  191.0  3.8918  2.1437565440286956
3834370174  0.10667  6175.0  18.46401  11.344627986340733
3821186908  0.88  329.0  17.56081  4.88136324621524
3761768705  0.1129  639.0  4.8817  3.581446416813891
3822438786  0.87333  370.0  17.27293  4.967481611686037
3772364452  0.0  583.0  9.7084  3.9490220482658867
3929345116  0.0  9.0  0.0  0.3447
3911341201  0.0  99.0  3.86983  1.6114899952355064
3477306502  0.0  1290.0  42.55585  9.27607174209642
3881141340  0.0  216.0  1.35857  1.853065198674723
2637265691  0.29412  429.0  0.43197  2.656850475861197
3863740758  0.125  200.0  0.15206  1.7388431431666864
1732227537  0.62416  1328.0  0.50956  4.72573268897472
2740227733  0.17284  266.0  0.42225  2.0571215828414804
3886883203  0.0  141.0  1.21357  1.5112038758006565
3556091461  2.2  23.0  0.03837  2.2367038120286313
2378415640  0.0  563.0  0.0  2.726303656968534
3873546244  0.34667  955.0  15.62023  5.7057016118552895
3070550793  0.94702  4491.0  8.86463  9.496252946401487
3841909406  0.0  326.0  4.46622  2.614986132797269
2450774721  0.26667  1174.0  0.13647  4.157172639432915
3846348970  0.0  276.0  5.51433  2.5760960936985735
2573970487  0.26667  1224.0  0.05396  4.23014994330635
3835637680  0.08889  768.0  1.53104  3.437378893634624
3852137120  0.0  142.0  0.08113  1.379008250569712
3863355672  0.0  181.0  0.15639  1.5647445930087693
3317100271  0.0  1639.0  7.7555  5.590092013903347
1897176905  2.93333  710.0  0.07575  5.312128517210178
3175021012  4.0  120.0  0.09357  4.3263884071468715
1068849587  0.22449  488.0  1.46224  2.8866878107496325
3877152388  0.1  12249.0  10.60333  14.075993464483316
2084668043  0.05  2337.0  0.39117  5.640093021238928
3886427002  0.08696  10678.0  2.76968  12.274700963744293
3916338994  0.81481  844.0  2.13178  4.2185795138475415
3718667625  0.10596  91941.0  6.38653  35.69345289922171
3826523546  1.36  419.0  0.76614  3.483823282453707
2384880810  0.0  774.0  0.0  3.1966162953973694
3627352143  0.02256  512.0  2.84823  2.961764139066698
2447168575  0.03604  256.0  0.41678  1.916368544
2783064241  0.10891  330.0  0.61829  2.245293375114811
1876323552  0.84874  267.0  0.29515  2.561716853948505
2948994003  0.02667  1690.0  1.9228  4.976531487993508
3464777310  0.44706  3012.0  46.22235  12.240409184552028
3173862222  0.9  16666.0  1.18823  15.664695372483322
3772804104  0.0  302.0  30.28554  5.66129945293332
2543370640  0.00971  171.0  0.38673  1.5567262068384704
1103697404  0.05333  170.0  0.84813  1.641485895715569
2118003463  4.62  790.0  0.53356  6.824190010323185
1842541040  0.66667  133.0  0.06075  1.8418447391276747
2654391381  0.04667  258.0  1.16643  2.0223658556436153
2082822967  0.28846  339.0  0.15085  2.3541984942810745
3399290432  0.84  122.0  1.88062  2.1385110008748165
3511398032  0.01333  413.0  14.25743  4.070378407640391
2187039600  1.32  218.0  0.2248  2.732290969620818
3654181994  0.05634  57.0  1.33059  1.071526760612609
3913744638  0.24615  79.0  6.45724  1.990662793549561
2262177960  0.32667  383.0  0.75712  2.5898573943607284
3629104654  0.17886  320.0  2.46257  2.4900315809178073
2353415310  0.56338  404.0  0.23594  2.7684888157335807
2697116507  0.05333  288.0  0.92652  2.1027760328000236
2818155461  0.16418  96.0  0.41122  1.3009930437831487
3214094792  0.06667  586.0  8.12312  3.8152745638019647
3008503061  0.03448  106.0  0.35473  1.2522364011994063
2632313993  0.37333  168.0  0.84793  1.8771351954941262
3209431711  0.05435  132.0  0.94335  1.475774681174439
1941782734  0.39726  213.0  0.2092  2.005769858770606
3463391240  5.0  62.0  0.12395  4.740221454723957
3183828162  0.05333  124.0  2.01898  1.564518283578339
3215516714  1.31818  166.0  0.4158  2.537916081700717
2037339227  0.59333  373.0  0.79535  2.7686883925286336
2943972881  0.13333  168.0  0.25682  1.6222268854941262
2459243104  0.1  96.0  0.08281  1.2122154957831488
3912139267  0.0  71.0  3.82613  1.4311263389379636
2217033784  0.12  264.0  1.71047  2.1655628953853436
2151489367  0.38095  173.0  0.0534  1.8088188407222825
2949246011  0.0  111.0  0.73456  1.2994283762027796
2373782022  0.13333  181.0  1.45215  1.8234090060087693
3273557527  0.21333  364.0  0.84149  2.456978027856141
3291179892  0.03356  47.0  2.29226  1.0907213695860798
2786240631  0.78462  109.0  0.33584  1.8397559998738224
2055813595  1.26667  2119.0  0.28621  6.291639369068003
2535924244  1.06667  130.0  0.10416  2.1377074704389094
1955883785  1.19835  279.0  0.34628  2.8767674908675085
3805799933  0.12  195.0  6.60392  2.495257501029051
3143196890  0.04  162.0  1.36223  1.6578320748500175
3154415174  0.55556  127.0  1.14272  1.8576297552352754
2248679164  0.6  110.0  0.12828  1.6790632465475044
3322105460  2.11111  117.0  0.40426  2.904848135652437
3170271675  0.0566  116.0  0.37497  1.326130302679509
1582917594  0.01333  245.0  1.88067  2.036215997303081
3252383481  0.48148  110.0  0.22746  1.6005028945475042
3556040953  0.33333  24.0  0.26811  0.8500315058915744
3769323884  0.26667  89.0  2.11555  1.5437085290733037
2346462020  3.6  143.0  0.03482  4.12897737938235
3888062497  1.8  231.0  1.21019  3.2681417992452695
3197611172  0.05  344.0  0.52662  2.233003550264913
3829846434  0.03333  206.0  0.96207  1.7910031638474015
1909937445  0.02083  126.0  0.66635  1.3862938542209777
3262979152  0.78261  280.0  0.49466  2.5804909019753057
2651273501  0.27885  312.0  0.47861  2.3005197420821393
3896281744  0.0  107.0  35.36719  5.46796483172741
2865796922  0.82222  56.0  0.21599  1.5142259594806515
2916441724  0.04667  143.0  4.63226  1.9701681663823507
3780464181  0.14286  37.0  0.27102  0.8408621607312654
2672685572  0.07317  300.0  0.19577  2.06972374489664
3893199417  0.58333  28.0  1.35411  1.217563414282643
2814355093  0.00667  72.0  2.28657  1.2567303469000117
3231811590  0.0  30.0  0.65989  0.7091799085734359
3271533230  0.4  73.0  0.15011  1.3055093403369844
1229087890  0.11429  116.0  0.33382  1.365232081679509
3821544518  0.26667  47.0  0.52742  1.05529508058608
3751163053  0.06667  124.0  1.47849  1.509312087578339
2211021250  0.56667  181.0  0.38603  2.025523580008769
1559391080  0.45638  746.0  1.61556  3.6824664832052134
3211944151  0.21488  106.0  1.02922  1.4716933311994065
3528643960  1.37778  77.0  0.64773  2.139380436111355
3931257411  0.0  238.0  0.0  1.7725908665002197
3397075172  0.0  186.0  0.77797  1.6611614469836746
2889721430  0.66667  65.0  0.10423  1.4483677922795033
3899965313  0.02222  166.0  2.83663  1.840593475700717
3870333229  0.06667  40.0  2.90605  1.1292660033066935
3179414742  1.0  352.0  0.16589  2.9398877732148483
3888854190  0.2  387.0  4.26348  2.9290501393268995
3916513029  0.22222  129.0  5.05414  2.086362379864903
3032038713  0.2069  166.0  0.35373  1.681276563700717
3151578640  0.13333  68.0  0.12615  1.0646312757669383
3911367316  0.08148  100.0  12.94588  2.7777103480000003
3854461815  0.1  109.0  1.12787  1.4124734878738225
3677258020  0.0  27.0  0.9618  0.713415713368992
3765074220  0.41379  102.0  0.54968  1.5431213364178027
2715576157  0.05333  125.0  0.46624  1.3817855460736295
3227472791  0.58889  244.0  0.76601  2.337453434523349
2835393275  0.09091  117.0  0.44371  1.3659867656524372
2268262171  0.55333  239.0  0.64405  2.277040396396761
1936301945  0.11111  138.0  0.10969  1.447941021301687
3846675744  0.3  340.0  2.49862  2.650214336285905
2114788594  0.02  159.0  1.02958  1.5886950524643348
3817486721  0.0  163.0  0.46041  1.5226546089689457
1728658541  0.06667  124.0  0.16199  1.3500155875783388
3300257355  0.56667  427.0  0.28774  2.8421001959417826
3771077917  0.24667  237.0  18.26998  4.168011143177341
1774303143  1.0  786.0  1.33072  4.146418077687748
2646504143  0.33333  386.0  3.98464  2.9942657157342385
2829788634  0.19231  120.0  0.31492  1.443715828146872
2865280121  0.25676  93.0  1.29257  1.4606467584380904
3211617663  0.13333  128.0  0.37782  1.4475387795333492
3170250853  0.03333  207.0  1.78645  1.8947510290858947
3909397821  0.06667  134.0  4.22001  1.891627417130597
2995164053  0.06667  167.0  0.10148  1.5480568602834779
3524429332  0.0073  381.0  4.81109  2.8304783469038663
3780625643  0.6  205.0  0.42349  2.154819930170453
3286729930  1.6  76.0  0.5769  2.294039877225647
3911135693  0.06667  103.0  3.83184  1.680702827829096
2684093390  0.01333  462.0  1.77623  2.6947911693975177
2761535741  0.27586  82.0  0.10407  1.2638408483719892
2710705102  0.0  299.0  1.06215  2.115326881919338
2427648022  0.17778  118.0  0.13154  1.3998915164389047
3790366595  0.02667  260.0  4.70502  2.4423927975590067
1890955047  0.0  246.0  0.08193  1.8120496125420482
2572570513  0.04444  90.0  0.35014  1.1663606534600404
3228382783  0.01333  129.0  4.13471  1.8154985008649027
1974079842  0.26  1107.0  1.09492  4.154059253759326
3814809302  0.0  121.0  26.41282  4.45985122
3853078192  0.5  21.0  0.06267  0.916171017350426
3840859240  0.0  170.0  10.55002  2.774665132715569
3097785821  0.00667  3397.0  40.93757  11.65534981376463
3261996011  0.00667  1893.0  46.65957  10.65004493611207
3918912249  0.0  56.0  0.17759  0.8813212574806517
3921891350  0.0  97.0  0.29455  1.1672743114263722
3919249665  0.0  45.0  0.25231  0.8013021418441776
3887210786  0.0  112.0  1.6114  1.410966702565286
3625800127  0.03333  211.0  0.70787  1.7801386294237709
3826403896  0.0  588.0  26.76359  6.024571319055296
3883183299  0.0  231.0  1.60263  1.9402470392452693
3881422129  0.0  239.0  1.60535  1.9705582433967612
3304152064  0.0  619.0  51.61104  9.103614589002763
3826528866  0.01333  413.0  22.34083  5.048469807640391
2336302943  0.09333  223.0  1.25213  1.9386440847005222
3318573863  0.0  19.0  0.42066  0.5517373486128234
3314991627  0.02  1939.0  45.80345  10.61701497917866
3895141354  0.06667  187.0  2.03393  1.8682819456522768
3892160123  0.06667  153.0  2.0208  1.7166938561504075
3310485965  0.0  32.0  0.29343  0.6854775832666746
3394277340  0.01333  1555.0  39.52288  9.323361739389355
2742339702  0.31944  564.0  1.00849  3.0948352056013135
2684931264  2.0  505.0  0.03747  4.1147902307326625
2502620214  0.01333  8645.0  7.41476  11.590600159497942
3826895726  0.0  518.0  25.91591  5.750904684315092
3472516154  0.00667  1101.0  45.56623  9.331144050293915
1800455400  0.31111  213.0  0.21716  1.9409058037706062
3848759536  0.0  216.0  5.92825  2.405996478674723
3921637351  0.06667  70.0  0.75343  1.1034299474876528
3852183626  0.01111  375.0  4.1364  2.7340224833961613
3754973440  0.0  599.0  22.47625  5.531743599969592
3919793900  0.0  109.0  0.25585  1.2305490678738225
3316408923  0.0  26.0  0.42752  0.637607262111811
3824189518  0.0  171.0  1.36177  1.6672866358384704
1490917185  3.64286  197.0  0.01638  4.398189656591331
1988305333  0.0  2.0  9.8E-4  0.16261171831666865
3881647213  0.0  73.0  0.60156  1.0544947903369841
3123053280  0.0  23.0  0.12039  0.5656082320286314
3309817155  0.43333  324.0  0.24253  2.428653583
2723977493  0.02542  236.0  0.62092  1.8596820348602061
3867983318  0.0  174.0  2.63716  1.8347314546055586
3626655632  0.03333  214.0  0.75831  1.7980650555238635
2723870980  1.6  182.0  0.0153  2.7744970460153615
2723000000  0.8  328.0  0.47523  2.7497103347439786
1829441443  0.08  268.0  0.28829  1.9770051569762892
3853928704  0.025  194.0  5.65449  2.303667603048455
3887275124  0.06667  121.0  1.3954  1.4836859470000001
3847770738  0.0  253.0  7.30142  2.711068200495431
3846552686  0.0  297.0  5.40799  2.6345175342616587
3867821289  0.08  630.0  0.92306  3.0567853714629583
3848262585  0.00952  287.0  5.13506  2.575145934366593
3881473054  0.03704  267.0  2.52274  2.211035273948505
3837090082  0.0  172.0  5.36089  2.1555670628845998
3848558992  0.0  263.0  6.02696  2.5926270276520658
3259635605  0.0  2002.0  43.8939  10.452214712411092
3310471265  0.02  325.0  2.8896  2.436312807754062
3146376511  0.06  1200.0  1.87997  4.25357512579328
2306008753  0.17978  94.0  0.28031  1.2852842392342725
3448926990  0.42  1161.0  3.22575  4.626277163594709
3867839256  0.0  219.0  0.12575  1.7155804726404105
2414327671  5.26667  120.0  0.03428  5.287076864146872
3263281401  0.00667  2115.0  42.30537  10.408197256365757
3616529311  0.0  196.0  1.42317  1.78080357
3881487892  0.0  156.0  1.19915  1.5801976900319519
2789882190  0.0  234.0  5.02946  2.366196686335433
1583949183  0.0  275.0  2.13249  2.1634322320591775
2802992912  0.0  223.0  4.98673  2.319217231700522
2919667864  0.0  275.0  5.02611  2.5135602520591775
3314684691  0.0  284.0  26.72309  5.169823107875927
3880294445  0.0  54.0  20.05424  3.2709021543373615
3919250551  0.0  44.0  0.30141  0.7986309868236708
2920462670  0.0  237.0  5.13083  2.3896934461773407
1778108954  0.00667  358.0  2.12749  2.4365328599759755
2789930430  0.0  238.0  5.05139  2.3838090565002195
3733854672  0.0  177.0  18.10066  3.7188249365301935
3921916024  0.0  51.0  0.18928  0.8434530064395734
3847146583  0.01852  306.0  5.30215  2.665640400153175
3793662633  0.0  248.0  15.19384  3.647901649447914
3810641001  0.0  200.0  15.46099  3.4957111731666863
3757858520  0.00667  287.0  14.56486  3.713974049366593
1579334575  0.0  220.0  1.54085  1.8906852623345833
2919564760  0.00667  218.0  5.21264  2.332304156620818
3848264072  0.0  224.0  5.54187  2.3902320049613035
3852224688  0.28571  139.0  0.18915  1.5958491824811782
3429901064  0.0  312.0  26.7136  5.26188424708214
1521131813  0.00667  219.0  1.45221  1.8811786796404104
2919595862  0.00667  231.0  5.14811  2.3743466662452692
2809976490  0.0  270.0  5.02601  2.4961468657203074
3850618741  0.0  118.0  5.72195  1.9404894284389047
2919395352  0.0  284.0  4.91091  2.530549327875927
3860444769  0.0  121.0  6.33723  2.03070483
3043483524  0.0  167.0  2.21147  1.7524231032834776
2809619172  0.0  277.0  5.07085  2.525889970668013
3881392157  0.0  209.0  1.89845  1.8908024806726305
2919773444  0.00667  217.0  5.19685  2.3264980892192013
1784580487  4.2  105.0  0.01617  4.388551213008758
3802324842  0.0  194.0  14.92496  3.4062919730484555
3045434500  0.0  198.0  2.4276  1.9105259124111362
3843168170  0.0  242.0  0.22671  1.8148564314833548
3846926065  0.0  210.0  1.78011  1.8804524981371664
1520861197  0.0  355.0  2.06102  2.4142652989947875
2920503200  0.0  223.0  5.29267  2.356235971700522
1588984022  0.0  337.0  2.10527  2.3640212853538007
3788702187  0.00667  1530.0  7.69003  5.4299283151467055
3472060630  0.0  355.0  38.44052  6.8161847989947875
3816084255  0.0  92.0  20.02238  3.524790064057263
2789826834  0.00667  280.0  4.98282  2.530662507975306
3480016365  0.0  285.0  24.76206  4.935944512553812
3843160310  0.14286  209.0  0.19837  1.7942521266726303
2789930962  0.00667  301.0  4.87695  2.5886479927259196
3045283222  0.00667  143.0  2.48414  1.6796816463823507
3636020790  0.02  237.0  31.14592  5.552801336177341
3824530859  0.00667  909.0  5.79916  4.170987033600371
3831670269  0.02222  809.0  1.47984  3.4641310597347497
3201095040  0.01333  86.0  1.52941  1.2607828281324565
1582585924  0.0  298.0  2.13514  2.2418334700375246
2789853374  0.0  247.0  5.01038  2.412051225868147
2919663794  0.00667  251.0  5.18265  2.4525555435900332
2789982942  0.00667  248.0  5.0055  2.420209056447914
1519755705  0.0  216.0  1.53983  1.874997658674723
3045139402  0.0  165.0  2.61987  1.7929214932886233
2920583940  0.0  236.0  5.20262  2.394644312860206
3044094972  0.0  165.0  2.77188  1.8113147032886232
3045033950  0.00667  174.0  2.51571  1.8251325516055585
3561962362  0.0  308.0  22.86509  4.78316270622271
3564346392  0.02778  292.0  4.01349  2.4702710486739683
3602498903  0.0  192.0  0.10938  1.605336082317312
3044353134  0.0  153.0  2.66481  1.7436765191504076
2919580012  0.00667  250.0  5.10353  2.4393521927667337
2803105480  0.00667  254.0  4.93972  2.43400733606351
2919775164  0.00667  287.0  5.28218  2.590769769366593
2789848440  0.00667  220.0  5.06984  2.3227895993345835
3043793534  0.0  137.0  2.8467  1.6893207197416849
3043775930  0.0  162.0  3.00468  1.8260045248500174
1582677401  0.0  318.0  2.103  2.303423512064593
3509542590  0.00667  603.0  17.44188  4.937055127464434
2920236880  0.0  276.0  5.21068  2.5393544436985738
2789880102  0.0  286.0  4.95713  2.542948046955564
3044321374  0.0  163.0  2.51134  1.7708171389689455
3044286214  0.0  147.0  2.59334  1.706882604527648
1583132682  0.0  328.0  2.12822  2.3384421247439784
3044773254  0.0  176.0  2.59885  1.838781603647342
2920105290  0.0  260.0  5.01579  2.459617420559007
3179220163  0.01333  1500.0  39.07473  9.188285647792323
3174059685  0.01333  1432.0  39.52698  9.140970078951952
3303720917  0.01333  779.0  36.88553  7.680259245351769
3276216120  0.02  634.0  43.27011  8.144073386100857
2804851392  0.0  282.0  5.07299  2.543330901168492
3045153512  0.0  171.0  2.40317  1.7932960358384702
2920599680  0.00667  272.0  5.3852  2.5516850925338765
3044302750  0.0  172.0  2.80894  1.8467811128845997
2789873080  0.0  336.0  5.16324  2.7309038294017043
3299553091  0.0  772.0  18.14633  5.388189558775565
2808810432  0.0  271.0  5.00497  2.4970940900494325
2804944590  0.0  244.0  5.08385  2.409941225523349
3044539710  0.0  158.0  2.6392  1.7636138048383039
1896910311  0.73333  56.0  0.03706  1.4246545804806516
2783847983  0.22378  601.0  6.20541  3.7386530324557645
3912232950  0.22222  94.0  3.959  1.7628341332342725
3501930073  0.02667  611.0  23.50711  5.704884647272042
3757702711  0.0  459.0  19.0629  4.76826127931872
3753468242  0.00671  420.0  18.07116  4.546486757017516
2059693161  0.13333  124.0  0.04532  1.3868334235783388
3757003842  0.0  374.0  15.76846  4.130043906707996
1156109470  1.89333  341.0  0.57869  3.6384796354199676
1576062945  1.34  720.0  1.71957  4.31505249737671
3900375061  0.04444  179.0  2.83663  1.914446063613834
3863971974  0.00741  132.0  6.54441  2.117636087174439
3605363873  0.93333  153.0  0.29491  2.1700760721504073
3912084635  0.02222  95.0  3.85457  1.6032879422185498
3672779330  0.1  578.0  0.71201  2.9249465613833667
3909097072  0.03226  53.0  2.86207  1.2074449622783314
3177733342  0.0  120.0  20.58411  3.7493437471468716
3157481865  0.0  530.0  15.5865  4.531163146754263
3908034251  0.0  66.0  4.90303  1.5267186426926718
1163204352  3.14667  1730.0  2.77796  7.51957027904103
3873565448  0.05455  307.0  3.56577  2.486350462265758
3625798534  0.0  320.0  2.25785  2.328593534917807
3770117453  0.0  718.0  15.12578  4.9090248594026855
3863330580  0.0  318.0  1.98931  2.289667022064593
3670156917  0.08889  951.0  1.15197  3.7506284975861113
3911848470  0.02  47.0  17.47879  2.91793030358608
3846191215  0.125  236.0  0.12349  1.8755820828602063
3835756941  0.11111  807.0  0.85752  3.4527090200663437
2090860442  0.0  1168.0  4.76543  4.503441151347937
2494552122  0.00667  938.0  2.9679  3.883230119589895
3880071764  0.0  161.0  0.05355  1.4643971093976498
3216206710  1.69565  1486.0  0.204  5.749572409447688
3913846924  0.06667  50.0  19.52713  3.2261909685833428
3757667100  0.0  486.0  20.22248  4.9799374230120845
1751851283  0.59155  1275.0  0.32018  4.593495767197866
3880305689  0.0  66.0  20.18766  3.3761588726926717
2638779982  0.0  413.0  5.16297  2.959763294640391
1858564271  0.0  10.0  0.01639  0.3653288931533468
2869205052  2.70667  938.0  1.55961  5.7758970295898955
3228732777  0.31818  700.0  0.58339  3.3536797844132145
3888952897  0.06667  120.0  1.41243  1.4805130141468719
3863395205  0.0  106.0  0.18761  1.2056687131994064
3852169739  0.04444  219.0  3.8781  2.2035714266404103
3848014779  0.0  113.0  0.122  1.2361657538832111
2470590234  0.16296  234.0  0.48045  1.9402842123354331
3875140611  0.00667  218.0  -437596.41656  -52947.464829043376
3879559323  0.0  1.0  0.0  0.1149
3078868560  0.61333  648.0  1.27253  3.5474980727000354
3803484100  0.0  167.0  6.54251  2.276478943283478
2115311284  0.83333  348.0  0.79821  2.87676256939981
2960389157  1.11111  86.0  0.29746  1.9505305761324563
3753938432  0.0  145.0  0.0  1.3835792171032348
3302639830  1.36667  144.0  0.3319  2.463232447
2883797922  0.18919  1229.0  18.44934  6.404990582251772
1670644554  1.27333  263.0  0.94332  2.950458040652066
1340418481  0.26667  156.0  0.25605  1.6698451370319518
2153434571  2.58667  1161.0  1.32753  6.052145090594708
2170447907  0.76  231.0  0.3973  2.3751181092452693
1412591751  0.54667  881.0  9.86836  5.022203020904909
1182499414  0.89333  1311.0  8.49118  5.870294867355239
1914176653  0.0  1.0  0.0  0.1149
1403205234  0.49664  160.0  0.85021  1.9357408466133872
2977697854  1.46667  116.0  0.31886  2.396775479679509
2837907097  0.32353  221.0  0.90096  2.0643367320668964
3382976084  0.04667  2151.0  10.34699  6.616579017190284
3724266022  1.0  14.0  2.1627  1.455703133740326
3083377850  0.00952  207.0  4.04843  2.1502573880858944
2706531645  0.13483  222.0  0.40737  1.864286815518829
1874512771  0.63704  126.0  0.34268  1.8179758452209778
1525618381  0.27333  213.0  8.94017  2.967522315770606
2130783272  0.0  3634.0  0.00212  6.926735014877465
3102432145  0.0  69.0  0.26386  0.9863581418492868
1652095045  0.71111  233.0  0.16889  2.317667222332233
1746952674  0.22222  169.0  0.09598  1.675111882
3054113827  0.59459  390.0  1.44321  2.898047817919309
1869752505  2.92063  197.0  0.16293  3.864066263591331
2528204910  0.06  375.0  1.06059  2.3992063223961613
3726043220  0.28571  12.0  0.96018  0.732518066579328
1877617725  0.11409  66.0  0.57706  1.090452441692672
1628927842  0.24832  184.0  0.71601  1.8349579521221866
1850332877  0.0  203.0  0.0643  1.6448533069242484
1739152385  1.54362  516.0  0.61752  3.8642262377298056
1661809931  1.36806  977.0  0.98358  4.755777035938573
2305453697  3.46309  760.0  3.07689  6.186025162230332
2876767325  0.27885  793.0  0.61843  3.523512692707541
2722308833  0.69333  85.0  0.37538  1.6345200911429527
3636297225  0.0  2.0  0.0  0.16249313831666864
3707300182  0.0  12.0  0.0  0.398025275579328
3626762104  0.0  3.0  0.0  0.199012637789664
1993613665  0.03356  430.0  1.95197  2.644448677497355
3010428847  0.0  9.0  0.01555  0.34658155
2125672013  3.37333  55472.0  0.21918  29.66589848246855
3612552075  0.0  1.0  0.0  0.1149
3579682234  0.0  2.0  0.05912  0.16964665831666864
3612533034  0.0  1.0  0.0  0.1149
1712246925  0.39167  349.0  0.25327  2.476429857441755
3339562914  0.56376  3225.0  5.47485  7.6182915553245145
3213743575  1.16667  60.0  0.44913  1.8358088499584646
3025248481  0.53333  139.0  0.23761  1.7909192844811783
3579780005  0.0  4.0  0.0  0.2298
2140242525  1.36667  3060.0  2.42267  7.693369565857717
3606945412  0.0  1.0  0.0  0.1149
3568410715  0.0  1.0  0.0  0.1149
3607427925  0.0  1.0  0.0  0.1149
3641986424  0.0  1.0  0.0  0.1149
3308615991  0.0  2175.0  44.1491  10.700620365999523
1871114202  1.71111  75.0  0.09571  2.31410324994832
2550881537  0.03333  34.0  0.09087  0.706439095717725
2369913704  0.04167  73.0  0.0653  1.021447377336984
1916501671  0.03333  593.0  0.68241  2.906036906101385
2616819507  0.26667  94.0  0.10311  1.3302356882342725
3906214888  0.04348  97.0  4.01929  1.6511909194263723
2552542955  0.37778  141.0  0.19761  1.6769344138006568
3149981740  0.52632  62.0  0.15655  1.3258271667239572
2967010247  3.0  168.0  0.0447  3.786982912494126
1682443562  0.11806  1156.0  1.59765  4.190125296
2269382933  0.06667  18.0  0.02165  0.5410416119500058
2762980212  0.0  169.0  3.88265  1.96350065
1893624090  0.0  280.0  2.15359  2.1832291309753056
3912432688  0.0  55.0  2.98706  1.2135554661672918
2393196710  17.26667  1080.0  0.04368  16.974747138440616
2819001933  0.00667  498.0  9.87867  3.764514090148018
2536395144  0.06667  1090.0  0.53048  3.908571136616567
2474485760  1.70667  331.0  1.34938  3.557763807306063
2121867733  0.08667  843.0  6.25113  4.158670993192143
2636835581  0.49383  230.0  0.40215  2.168540430043046
2813835217  1.01639  199.0  0.35166  2.44003842306361
2658214691  1.17778  391.0  0.192  3.1951741183344686
2968140422  0.0  64.0  4.24408  1.4327336800000001
1848008283  0.01754  147.0  0.12889  1.422086468527648
1842057191  0.33333  124.0  0.04373  1.539461033578339
2563873660  0.83333  95.0  0.11249  1.7702654132185498
2262842000  0.2  114.0  0.30691  1.4167524011583976
1281368195  0.07965  243.0  0.22952  1.879746225106976
2966370307  0.0  43.0  0.01803  0.7556313164422999
3036298167  0.83333  31.0  0.01716  1.2785599382891695
3093819495  0.04098  495.0  0.90543  2.697233466501875
1878356195  0.35333  1015.0  1.12955  4.067261530612603
3183010280  0.66667  413.0  0.07796  2.853879631640391
3163988144  0.0  37.0  0.01118  0.7002621947312655
3026987223  0.36667  87.0  0.39774  1.400014940199905
2931035867  0.09396  225.0  1.12898  1.931901416
2589193692  0.2069  119.0  0.09816  1.4233806719716433
2960345592  1.81395  554.0  0.27658  4.12393018260697
2114021424  0.05333  80.0  0.48999  1.1277350854589037
2097400665  0.12081  424.0  0.5869  2.529261627398813
2259528987  0.08654  170.0  0.34856  1.6064136867155687
3674106275  0.06897  659.0  0.48199  3.060618127657891
2638276595  2.08333  266.0  0.01817  3.468033311841481
1860011284  0.01905  133.0  0.25426  1.3704130071276746
2624187761  0.18667  314.0  1.00167  2.299869804352308
2947307581  0.0  16.0  0.0159  0.4615239
3772804105  0.0  774.0  15.26619  5.04382528539737
1146365592  5.46667  132.0  0.05784  5.504181683174438
2653179225  0.24088  327.0  0.62765  2.337754995670887
2725899425  0.0  323.0  0.13155  2.0809234168197532
1093210754  0.01333  83.0  3.67196  1.50128143124368
2294851837  0.1  247.0  1.72416  2.090828605868147
2816910362  0.08  430.0  1.13645  2.5812555614973554
2706448413  0.08421  103.0  0.4578  1.285846301829096
1849666463  0.7  43.0  0.05888  1.2954441664423
3025008311  0.10078  139.0  1.95042  1.667657839481178
2129341567  0.03333  766.0  1.60921  3.4002352682119312
2386214662  2.22222  164.0  0.15546  3.188246911762069
2485583911  0.22222  95.0  0.17011  1.3102882822185498
2518529792  0.03125  179.0  0.12569  1.576343844613834
3029551831  0.40385  471.0  0.94045  2.91599743919281
2556049124  0.31111  416.0  0.169  2.601677519447244
2516008170  0.2069  143.0  0.53879  1.5972900393823506
3066886641  1.8  75.0  0.07793  2.3798727189483198
1865671292  1.16949  221.0  0.15397  2.6203489780668963
2413761855  0.13333  66.0  0.04547  1.040831335692672
3390007982  1.01987  11655.0  3.96466  13.663418103128874
2660034970  0.0  123.0  0.74148  1.364021724586442
2780772193  0.17568  571.0  1.63496  3.07767241080109
3607605432  0.1  335.0  4.51139  2.7253034895163872
3833562754  0.05  16.0  2.1643  0.7596852999999999
3908890729  0.38333  738.0  5.24952  4.049485630115967
1269481603  0.56204  276.0  0.36102  2.3820003476985736
2483323597  0.37778  92.0  0.37859  1.436553172057263
3261970887  0.06  786.0  3.46111  3.685941267687748
3912500105  0.10667  558.0  22.43164  5.509905501171872
1455441683  0.18966  223.0  0.42259  1.9118754977005221
3939827889  0.2  376.0  7.94401  3.342038872468545
3834370174  0.10667  6176.0  18.46401  11.345359047936954
3226687890  0.05263  66.0  0.64603  1.0518362256926719
2930595695  1.2  85.0  0.04407  1.9815781281429525
3058248937  1.5  12569.0  0.17465  14.048899927733414
2192881495  0.06667  553.0  0.18615  2.775449585546854
3707648724  0.64667  130.0  7.56879  2.7200057004389095
2357783527  0.65909  711.0  0.16452  3.5872782046486833
2748062613  0.4  194.0  0.05726  1.912940273048455
2882877005  0.36667  899.0  0.28909  3.760236904759825
2797133510  0.08333  238.0  0.81143  1.9344463495002195
3851670086  0.32143  2947.0  2.57027  6.794100697325127
3947503748  0.0  2.0  0.0  0.16249313831666864
3178605587  0.0  223.0  0.08236  1.7257884617005221
2542474045  0.09615  218.0  0.1949  1.793529284620818
3592061830  1.0  176.0  0.00699  2.289266543647342
3934872389  0.52941  61.0  6.2009  2.0522287687616747
3829915129  0.00671  148.0  10.99474  2.733309480462531
3304234693  0.6  196.0  0.10574  2.07985454
3782809857  0.0  210.0  1.53995  1.8513931381371664
1967572291  0.02  490.0  6.18842  3.3075007420734277
1967577777  0.38255  309.0  1.64287  2.510851406010274
3928019570  0.13333  249.0  13.84418  3.590114650993036
3704233617  0.33333  461.0  0.47065  2.7786537256067887
2249880403  0.08219  1405.0  0.22775  4.397193703255203
3942546665  0.0  3.0  0.0  0.199012637789664
3882591941  0.12  281.0  4.26426  2.5337424351762
2503767401  4.13333  1118.0  0.03643  7.004540136679652
3709479902  0.0  358.0  52.04043  8.470902052975974
2123005882  0.21429  271.0  0.1981  2.0792018090494326
2985669104  0.01333  13204.0  1.19991  13.358379525507589
3684119505  0.44444  1562.0  0.42012  4.931525663865912
3876542884  0.35556  1765.0  2.34397  5.382471429340482
2475711480  0.19205  1396.0  0.73965  4.529261335883509
2185018034  1.52273  337.0  0.14353  3.2901687383538003
2185011111  0.07143  661.0  0.1491  3.0266906013755253
2315978495  0.68148  125.0  0.4573  1.8606732210736294
3165418221  0.04444  1503.0  0.63915  4.565799453850433
3484919951  0.0  94.0  0.0  1.1139968312342725
2393183582  0.73333  104.0  0.10399  1.744674927223622
1626385730  0.06897  227.0  0.14782  1.801729250014395
2650875501  0.125  7231.0  0.1425  9.883309452537482
2885197874  0.23684  1797.0  0.19379  5.075148160993282
2256434600  3.89333  347.0  0.23381  5.143534310571654
2476998347  0.23333  211.0  0.23355  1.8755659094237709
2281077384  0.32667  1475.0  2.70639  4.989899969150516
3024685181  5.46667  109.0  0.04709  5.382371654873822
3850636561  0.3913  269.0  1.08598  2.314896026741838
3893945619  0.26667  643.0  4.40269  3.650058429147751
1980342872  0.3  1989.0  0.81479  5.45215348720069
1893662161  0.12583  259.0  1.05913  2.0734419333406313
3656593995  0.0  8989.0  4.55354  11.444686060055648
3138009870  0.31333  14613.0  7.45683  15.031291305949534
2898469793  1.13333  57.0  0.05065  1.7395820796126091
3730111625  0.39474  1098.0  0.80819  4.206747766624449
3227133312  0.4  132.0  0.08241  1.6357121061744389
2645176100  2.4  529.0  0.02651  4.47974771
3923094106  0.47368  163.0  12.84076  3.3826158469689456
3092619442  0.25  295.0  0.0114  2.1658767078878
3894598447  0.28889  1720.0  3.01345  5.350602521994711
2961071931  0.2809  246.0  0.58789  2.0879064625420485
2856745412  1.37736  171.0  0.27002  2.5876256618384703
2014017722  0.62222  657.0  0.2521  3.451060493010953
2630903045  0.02381  1024.0  0.39288  3.7425317010000003
3793768150  0.0  216.0  1.52535  1.873245578674723
1847397517  0.04444  634.0  0.10342  2.939578500100857
3794310764  0.01667  222.0  1.6554  1.925012389518829
2987554094  0.20946  873.0  5.89332  4.268041390279118
2490175074  0.11864  525.0  0.19169  2.74653705075213
2856485824  0.63333  434.0  0.15931  2.8968773617743606
3645680571  0.05333  994.0  13.8382  5.337711913645836
2151078394  2.06667  1703.0  0.16721  6.3410015797951775
2996170343  0.21782  206.0  0.65271  1.8945394128474016
3332000214  0.0  123.0  0.12257  1.289133614586442
3137232777  0.66667  396.0  0.14656  2.813617437471013
3906523860  0.93333  338.0  1.05658  2.953414431116692
2831988952  0.1573  484.0  1.02924  2.77253097
3145123744  2.0  1293.0  0.16412  5.679668246244723
1803900535  0.67568  3780.0  0.9124  7.690935346052547
3305913843  0.04762  514.0  0.18054  2.663194956403815
3517882673  0.53333  154.0  0.14959  1.8514893449243497
3207948704  0.31111  631.0  0.86107  3.228163687691092
3627223387  0.28889  1103.0  1.08948  4.168562822864508
3307395130  1.2  210.0  0.19221  2.605236598137166
3671106267  0.02143  495.0  3.42585  2.987266131501875
2802764390  1.12  767.0  0.38081  4.083998491064207
2993595057  1.97183  1169.0  0.43933  5.488338998174659
2397720487  0.76  431.0  0.26045  2.997616437633867
2449681337  0.28  980.0  3.02839  4.177322138606161
3404660452  0.66667  674.0  0.53323  3.5569008727247002
2834134573  2.95302  1127.0  3.33613  6.517361606200421
2645703133  1.38  1733.0  0.78687  5.9328777465353895
2649440737  0.28333  491.0  0.26487  2.794555648727823
2011925562  1.18  538.0  0.79213  3.6625713533899873
2946466585  0.0  422.0  2.87399  2.7081019633216084
3693777184  0.36667  92.0  0.5895  1.453584131057263
3653771155  0.08667  12658.0  4.53372  13.541948302776621
3876339833  0.07333  793.0  12.56306  4.811775090707541
2844631790  0.75  127.0  0.09953  1.8799753692352754
2340587701  5.0  160.0  0.00123  5.274031642613386
1708679752  0.13333  735.0  0.03069  3.2206314483546254
3794333155  0.01667  209.0  1.65575  1.8741733276726302
2722848515  0.08667  436.0  1.40571  2.6354978927476447
1640298913  0.02667  804.0  1.83028  3.4998197197385483
2091241732  1.47333  272.0  1.6595  3.221550298533877
3762340044  0.27778  222.0  0.98511  2.043421450518829
3029551831  0.40385  471.0  0.94045  2.91599743919281
2779524687  0.45763  504.0  0.30416  2.9659770454419556
3921542901  1.6  57.0  2.87043  2.4373580066126093
2563385534  0.23333  95.0  0.08097  1.30799149321855
2051367251  0.86364  395.0  0.69644  3.0277688984590205
3021586813  1.0  106.0  0.01741  1.9491745131994065
3828467111  0.17778  3463.0  3.99255  7.380490412718148
2110417034  0.13333  424.0  6.0524  3.200153659398813
3810449555  0.00952  108.0  3.42668  1.6159783387379842
1911835633  0.64667  254.0  1.00332  2.44672693606351
2503851820  0.22414  285.0  0.19722  2.13486