2338211973
2756165444
3071266842
1366265517
2282827197
3177474604
3195219934
3195006660
3181364171
2662887053
3261615075
3038413404
2520055812
3262258265
3224636682
3175612641
3824066718
3824466438
2814723584
3826535433
2529877957
3480789247
2593122442
2180159267
2690677823
2451823005
2879405883
3185061397
2732683411
2801606317
1827516872
2703835420
2246428850
2655428191
2026981104
1971671521
2034852115
3050692243
2338211973
2756165444
3071266842
1366265517
2282827197
3177474604
3195219934
3195006660
3181364171
2662887053
3261615075
3259624771
3296425571
3477812530
3750647232
3199093037
2130870163
2876461354
2446237043
2326249751
2926627761
1141904455
2984327562
2115882964
1055546797
2788380823
2720879397
3308615991
3287326261
3486027703
3251527094
3217811690
3043181770
3761768705
3477306502
3877152388
2084668043
3886427002
3205385607
2548812167
1132083001
3008898532
1958535433
1134367354
2815110875
2714769593
1670319365
2958028213
2634001737
1802319980
2214568262
1453844421
3908397829
2434878774
2189265043
3095379543
3937354222
2871787671
3040688611
2068822285
2838553340
1264246567
3088517502
3332371560
2157559034
2398583693
2280977565
3028508693
3075980673
2240465897
2953033160
2982871187
2448101417
2704253743
2768183483
2793771162
3471583882
2193219030
3443731412
3176689992
3210225132
2404834051
2783793940
1309325552
3685404402
3195797374
1279642463
3686182111
2685331944
3059165423
2769865131
2754061547
3038905465
3209945965
3812135721
3209392660
3245866600
3229377450
3152681622
1939524203
1759625665
3547032174
1274286783
2643364591
2797980244
2688331795
2517341602
3165382481
3091968671
2050513991
2952443977
2598065062
2385697532
3470967332
3247716882
3265647522
3829983973
3209162270
3523469513
2960167255
1838038345
3754168923