2338211973 148 0.13454 0.53333
2376269362 690 0 0
3926961644 31 0.29928 0
3767544505 529 53.07956 0
3759707685 146 13.51587 0
3294584065 190 7.54679 0
3753247505 989 59.41319 0
3754247947 1200 64.9032 0.04286
3570342777 1495 54.14401 0
3752696822 942 56.82097 0.01538
3761484864 426 34.6732 0
3637135313 189 12.33175 0
3757015085 499 44.3911 0
3780757790 315 39.34416 0
3746939865 997 62.34374 0
3752857661 577 46.52175 0
3645137474 150 13.29954 0
3754247954 1324 63.22513 0
3606595925 1627 56.87864 0.01408
3759682703 147 13.05677 0
3761914357 444 38.0783 0
3518462140 270 8.40152 0
3768711347 682 49.38618 0
3515804761 200 7.6276 0
3760175623 171 12.99006 0
3459668794 1710 51.29569 0
2911417694 4143 45.55041 0.00667
2638454283 102 0.18837 0.2093
3261615075 2166 47.25206 0.00667
3826462328 585 24.47379 0
2170017293 15337 84.29121 0.00667
2287063990 56191 14.4538 0.77311
3512978404 75 11.7058 0
3914995215 28 16.58287 0
3826871205 539 24.60691 0
3526862680 16 0.10162 0
3913861275 54 18.27653 0.04
2661200287 254 0.06856 2.66667
2674839821 9 0.00626 0
3852098758 291 6.44869 0.07778
3848175398 246 5.69208 0.01149
3848740010 253 5.73558 0
3106219185 123 0.70031 0.5
3846823713 109 0.74457 0
3020122813 2391 8.76856 0
3210629081 59 0.04093 1.92308
3861377261 746 9.70197 0.01333
3057413887 370 8.13118 0.00667
3764767955 351 14.23418 0.01333
3855359119 231 1.18221 0
2690677823 213 0.12344 0.23333
2376269362 690 0 0
3261615075 2167 47.25137 0.00667
3824373809 480 20.89369 0
2401860852 646 1.30672 0
3259624771 2205 43.32223 0.02667
3296425571 2288 43.87199 0.00667
3837391552 420 20.48212 0
3477812530 1031 36.83965 0
3852156741 216 5.58929 0
3750647232 844 37.46522 0
3868080794 153 1.86009 0
3880498321 355 0.6138 0
3867831653 711 0.99352 0
3830183175 890 2.68377 0.05333
3863641575 757 1.31977 0.06667
3864074286 722 1.38351 0.03333
3832082498 990 1.19233 0.33333
3829445389 1044 2.10262 0.08333
3811139626 1163 11.93712 0.01333
3832159876 1069 2.14712 0.0339
2779244580 3558 7.97655 0.15333
3850703708 709 2.49657 0.03333
3832141265 900 1.17647 0.16667
3880158622 212 1.7414 0
3863458404 759 1.3945 0.03333
3850732749 554 1.03816 0.06667
3850249139 675 1.00578 0.06667
3199093037 123 0.22937 1.73333
3826277188 945 5.48819 0.04
3830143984 917 2.67328 0.08
3829438330 1033 1.12153 0
3850682609 577 1.19918 0.06667
3810701096 1144 1.85032 0.06667
3835292039 879 1.54643 0.02222
3802913235 1273 9.75258 0.02667
3481903085 1582 9.01441 0.01351
2632720655 53 0.13582 0.1
3288742335 1672 11.04383 0
2992468500 462 1.13087 0.61333
1999063221 439 0.4866 0.06667
1637310372 299 1.90822 0.04202
3090161440 43 0.11384 0.93333
3794304804 1343 10.71442 0.02
2248229545 389 2.27057 0.02667
2262074934 192 0.218 0.08696
1274568014 204 0.15119 1.83333
3145174225 183 0.07632 0.46667
1882790221 368 0.36911 0.2437
2242593612 214 0.15336 0.36957
2643690301 198 3.15181 0.01333
2163533803 190 0.22252 0.84
2737787331 223 0.13418 1.23333
2946022537 210 0.16667 2.4
2996421241 961 0.66815 0.13333
2725517501 111 0.0874 3.7619
1917692014 1183 7.77953 0.51181
2507122375 1792 1.97132 0.00667
2130870163 670 0.7092 0.7
3167131763 294 0.9434 0.13115
1145166567 514 0.71017 8.09023
1800318630 2544 4.92508 1.04795
2840143982 393 0.42152 0
2528857551 2037 3.43824 0
2371950627 766 0.38015 0.71429
3299255424 14 0.19657 0.06667
2416233595 1679 2.74403 0.02
3413009410 1591 15.66239 0.01351
2919675650 247 5.19311 0.00667
3045413810 175 2.48657 0.02
2920341522 282 5.18084 0
2919516192 251 4.99694 0
3043688394 138 2.86042 0
2790070274 255 4.8812 0.00667
3045349490 139 2.64615 0
3045177200 137 2.60294 0
3044615904 155 2.74892 0
3044084400 163 2.76046 0
3199882285 109 1.96844 0.08667
2376269362 692 0 0
3261615075 2167 47.25137 0.00667
3547543151 61 12.69164 0
3914995215 28 16.58287 0
1938413962 15 0.00425 7.25
3913861275 54 18.27653 0.04
3789445095 290 19.07245 0
2972610230 62 0.15701 1.13333
2396830681 83 0.18387 0.14035
3863814838 115 0.09376 0.33333
3057413887 370 8.13292 0.00667
3885153146 83 0 0
3847892067 235 3.95509 0
3843005217 205 0.22747 0.125
3764700124 182 12.48085 0.00667
3861259081 101 24.05938 0
3833827784 111 0.18292 0
3217757270 126 23.61606 0
3551747980 268 22.80892 0
3268337812 1736 10.60624 0
3803728550 1172 1.13402 0.16667
1861893942 2282 2.18714 0.28859
3300326215 769 36.22375 0.01481
3759542330 198 14.27848 0
3711831203 247 31.15516 0.02
3699075764 213 29.86226 0.02
3636144240 114 4.11466 0.33333
3317072273 805 43.81141 0.01333
3303745627 827 36.40135 0.00667
3455554394 557 15.0386 0.00667
2669216911 25 0.23017 0.15556
3615215304 3 0.42093 0
3599850902 3 0.34443 0
1783790267 69 0.35752 0.08
2786994720 188988 19.15102 1.64
3395960510 27 0.0524 0.72727
2042750147 263297 4.85878 9.80132
3424864034 2 0 0
3462799952 120 1.19205 0.16667
2627707715 23 0.00446 7
3340211754 92 0.08593 0.73333
3120834617 391 1.34307 0.01333
3233749194 118 0.25393 1.51724
3290028435 4 2.29665 10
3043944210 161 2.72217 0
3193874392 151 0.58642 1.42373
3233833720 154 0.23921 0.4
3303494375 140 2.32632 0.01333
3284289440 193 0.49965 0.06667
3264135864 114 0.09399 0.6
3079903484 1501 42.08403 0.01333
3208551984 84 0.34791 0.06667
3197490104 91 0.73398 0.02667
2916521020 129 0.07987 3
2677290080 108 0.08826 2.36667
3198066660 1 0.24363 0
3171691734 981 1.21333 0.04444
1590762873 32 0.42 0.02326
1100829882 1171 0.59426 0.2
2780229237 39 0.67509 0.14167
3227459553 3 0 0
2698956383 43 0.03374 0.6
2064130833 179 0.02124 0.2
3217161603 5 1.04386 0
3216954433 2 2.87712 0
3213538967 7 0.00716 0.5
3173621237 91 0.22371 0.125
2809282145 90 0.46337 0.02469
3209014607 2 0 0
3210287017 4 0.22294 0
2488465953 22 0.20108 0.03448
3136209921 22 0.07638 0.06667
3210199693 10 52.85393 0
2752010965 72 0.0558 1.13333
1699473465 4 0.01199 0.5
2706069753 120 0.12741 3.2
1593162681 90 0.94157 0.09091
3201722983 18 2.2395 0
3189183021 147 0.81953 0.37209
3170964507 275 3.77163 1.46309
3165537553 249 1.97447 0.21477
3170317421 184 0.33912 0.02222
3196488677 80 0.08175 0
3124676875 159 1.11765 1.06667
3169901927 282 0.82234 0.34286
3164576191 89 2.03856 0.05333
2763432043 105 1.68719 0
2691972765 52 0.62141 0.03333
3179283117 72 0.49185 0
3169021105 107 0.34958 0
3141862815 87 0.24286 0.73333
1971671521 182 0.57018 0
3267007590 2225 44.01733 0
3260296951 2119 40.68358 0.02
3875144044 205 9.82656 0
3225016754 2063 0 0.00667
3750399253 322 20.21962 0
2376269362 692 0 0
3757689475 467 19.97824 0
3848718497 98 5.66041 0
3894957015 104 0.11108 0
3753416163 590 18.02957 0
1012580017 66 0.11349 1.42857
3848116804 206 10.13746 0
2376269362 692 0 0
2976339775 1274 40.20622 0.00667
2789835582 236 4.83513 0
2037321225 8608 24.71719 0.01333
3466693492 1318 49.66808 0.00667
2920572604 250 5.29278 0
3881395024 240 1.47058 0.04167
2035235897 19136 5.80069 0.04
1108122283 226 7.14273 0.36364
3919887759 62 0.18054 0
1582689697 319 2.16756 0
3261615075 2168 47.25092 0.00667
2431868625 183 0.10095 0.83333
2804959590 264 4.98234 0.00667
2384584982 666 0 0
3918964295 62 0.22234 0.2
3884836464 1765 1.11369 0.09091
3572691502 95 0.29789 1.05
3874329674 523 0 0
2322875212 3327 60.40379 0.00667
3760175623 171 13.01235 0
3637187893 120 15.34326 0
3747750135 951 0 0
3561944561 451 3.41587 0.0198
3217943893 3467 29.81641 0.01333
3753338347 423 43.54683 0
2400856553 217 0.48132 0.4381
3077879773 3360 39.7541 0.00667
2804136302 214 5.18037 0.00667
3919477482 74 0.37063 0.125
3829279427 566 23.94418 0
3756943264 703 29.29036 0
3584792260 8 0.06178 0.88889
2743661827 437 0.87084 0.14189
3852165419 195 1.19926 0
3841968226 84 5.72279 0
3787500442 577 33.86782 0
3867751896 156 0.16751 0.125
3885086587 148 1.26122 0.07143
3753396210 445 21.48007 0
3851726100 207 10.7428 0
3835337789 568 22.34339 0
3702548151 333 53.52486 0.00667
2833613965 4035 0.36825 3.8
3607360703 723 32.10009 0.01333
1582739611 307 2.12643 0
3918977285 87 0.26514 0
3843142624 156 3.60684 0.01111
2920557804 229 5.12819 0
3935157371 5 4.12476 0
3261615075 2168 47.25092 0.00667
2546794042 831 3.8287 1.3557
2809670620 354 5.13568 0
1583605040 284 2.21264 0.00667
3853931216 201 2.94021 0
3836483130 142 8.01628 0.01333
3757226915 543 17.17354 0
3835319034 560 24.84671 0
3880478319 83 0.03682 0
2313206412 239 0.31776 0.1
3848074224 159 10.50362 0
2860753670 222 0.50016 0.06667
2629649061 931 0.1085 2.17857
3921938024 75 0.30092 0
1920250281 512 0.17859 0.83824
2789713540 234 4.84752 0
3860824328 173 0.08046 0
2804306972 220 4.88989 0.00667
2867090072 188 21.12717 0
1096781845 1453 1.54229 0.08667
1559322431 1025 4.73883 0.06
2216432277 225 0.08575 1.63333
3850722545 217 6.08287 0
2401729143 50 0.06069 0.93333
3757169223 536 20.32467 0
3794236640 52 0.28365 0.06667
2804714790 275 5.13136 0
2441671485 513 0.67565 0.08667
3837384580 401 23.86371 0.00667
3854313556 154 10.46554 0
1777811892 296 2.17165 0
3873227873 473 2.79051 0.01754
3861756281 139 0.18192 0
3863355674 169 0.12509 0.25
3837565090 75 2.29681 0
3881351198 292 1.46808 0
3869452837 48 2.25468 0
2920553610 257 5.19948 0
1778335033 279 2.13093 0.01333
3847806014 264 5.05786 0.02857
3881150388 179 1.89275 0.06667
3863759543 235 0.21592 0.08333
2495792192 187 0.64935 0.02667
3863841345 124 0.10058 0
3885005135 104 1.06693 0
1879761862 583 0.89609 0.00667
3861761471 292 2.39816 0.03333
3826788782 524 24.47077 0
3850259041 76 0.03623 0.5
3278137612 775 16.36991 0.00667
2837803130 53 0.01655 3.125
3847057449 117 0.61486 0
3887265591 87 1.39338 0.06667
3881524984 146 1.06042 0
3850239298 178 0.97011 0.18182
3885627540 156 1.22461 0
3887275077 121 1.23679 0.13333
3886882741 91 1.34439 0.06667
3884959154 151 1.16501 0.06667
3885528351 57 1.27325 0
3885174517 175 1.42423 0.06667
3848279457 91 0.67247 0
3846556860 139 0.69663 0
3837521773 178 1.65935 0
3826744757 513 26.09333 0
3886932738 4 0 0
3846336079 60 0 0
3885179826 185 1.12138 0.06667
3850354015 149 0.9292 0
3886959350 112 1.39655 0
3888617315 195 1.47431 0
3886873663 37 1.33978 0.06667
3886832980 205 1.09228 0
3846740024 118 0.59021 0
3885118432 107 1.22419 0
3887153593 16 0 0
3881156224 169 1.15034 0
3885580741 146 1.27321 0.06667
3885559216 172 1.12237 0
3861381927 160 0.13539 0
3885001624 107 1.17339 0
3846669158 217 0.57691 0
3885017197 111 1.42032 0
3887258027 77 1.3953 0
3888926993 7 0 0
3885597877 90 1.32658 0
3881655520 119 1.24811 0
3846644244 35 0.05934 0
3886867761 3 0 0
3886744691 139 1.34143 0
3847059137 160 0.73825 0
3846165584 237 1.49947 0
3179972913 3474 41.77537 0.02
3842166177 157 6.23876 0.00667
3457670772 798 5.17457 0.10667
3262023781 1509 28.4884 0.00667
2233135727 306 0.03241 1.21429
2921721657 110 0.23709 0.37778
2922178000 48 0.29476 0
3843084621 136 6.49516 0
3843078365 96 6.45363 0
3757757184 456 20.9134 0
3921760173 108 1.02273 0.06667
5000165947 94 0.17618 0.25
3252691162 6851 9.30887 0.02667
2008354453 666 0.62242 0.07383
3837466124 116 6.42033 0
3829152458 392 23.26809 0
3825738740 98 0.12856 1
2126001964 253 0.67917 0.0473
3921654731 85 0.29512 0
3824220393 288 4.04993 0.15789
3261615075 2169 47.25136 0.01333
3757000185 494 17.3291 0
2417761051 773606 33.36145 1.24
3921645378 64 0.22497 0
3880389271 174 1.3941 0.04348
3918584537 93 0.27865 0
3847731509 304 5.20482 0
3860977715 93 0.32692 0
3921085806 72 0.17825 0.25
3881446929 82 0.19423 0.5
3919836828 57 0.17643 0
3866601455 235 0.13291 0
3918619189 90 0.9292 0
3919476280 46 0.69264 0
3885572231 43 0.55954 0.09091
3852193632 203 2.04526 0
3837403237 468 23.83649 0
3863377533 147 0.12613 0.28571
3850328790 110 0.23679 0
3862042753 181 0.14072 0
3918903099 114 0.35912 0
3824510746 243 0.6882 0
3847959584 159 0.85368 0
3837227369 190 0.98085 0
3880066538 82 0.70523 0
1772287625 1321 1.36864 2.25333
2280351070 153 0.31664 1.83333
3850315038 208 1.49629 0
3921715799 53 0.30943 0.14286
3846663087 318 6.03043 0.02222
3852230958 150 0.67314 0
3850727710 252 3.96223 0.01111
3847075675 356 1.80534 0.03333
3826816145 463 26.60329 0
3926760399 3 0 0
3824569902 253 4.24416 0.00952
2592810774 1544 3.9809 0.08
1275344841 677 0.10881 0.36667
2142373653 828 1.56416 0.0604
5000392851 2 0 0
3842864947 306 6.18365 0
3853878373 162 0.65723 0
3861728075 177 2.14666 0
3832082498 990 1.19233 0.33333
3158582862 11403 2.72083 0.41333
2313615107 100 0.33825 0
1734925471 480 0.86219 0.09396
2734752543 184 1.51849 0.1773
1911521683 551 0.23946 0.2
2032209053 194 0.41345 0.52239
1256688082 262 0.19913 0.36
3326202752 627 14.08093 0.02
2134998477 239 1.6008 0.42
2488648052 476 0.30006 0.3038
2873739442 312 0.23063 1.06667
2672272643 213 0.20597 0
2647725635 19 0.17115 0.33333
1833577364 340 0.85953 0.31333
1760349003 199 0.27741 0.10084
2927382893 84 0.02699 0
1637310372 299 1.90822 0.04202
2969102047 115 0.02144 1.71429
3791520301 3178 0.82149 1.26667
2283022595 134 0.06904 0.34483
3309586985 1761 46.1391 0.00667
3264076025 2124 46.0295 0
3244720951 2275 40.92263 0.00667
3686309441 36 0.37628 0.26667
2132860103 247 0.10838 0.41463
1366179800 240 0.10965 0.15556
3757099925 503 18.70792 0
2812479512 3089 42.51086 0
3031080661 2506 25.82081 0
3292485651 2022 43.07281 0.00667
1776289843 178 0.0081 0.6
1203873160 347 0.13242 0.73077
2183710971 271 0.09541 1.23333
3837102173 129 5.80575 0
3928442114 11 3.66179 0
1686578834 540 0.33105 0.03448
2680046273 245 0.01101 2
3885165996 156 0.40802 0
3001790940 11477 37.40204 0.18667
3852164673 188 2.1019 0
3316855723 319 0.30815 0.16667
3756026307 64 4.1868 0
1641229860 280 0.05352 1.6
3885504208 161 0.22641 1
2373876494 91 0.26799 0.09333
1104756043 29 0.07424 2.66667
2564097435 295 0.20856 0.11765
3863402085 215 0.21868 0
3826279577 848 2.20374 0.0678
1280296874 160 0.00414 0
2614805425 60 0.23199 0.05
1116139325 215 0.23189 0.50847
3863652951 766 1.41593 0.03333
2291434295 566 0.3763 0.30303
3863659846 834 1.23556 0.06667
3099133611 581 0.16272 0.51724
3866985548 762 0.9729 0
3867233014 249 2.2754 0
3864072230 746 1.23581 0.03333
3866976791 692 0.91246 0.08333
3787633974 1401 9.049 0.04
3831693953 824 1.59667 0.13333
3863664090 723 1.30193 0
3855392617 807 2.65568 0.15
3846755214 138 1.21593 0
2330196165 51 0.02431 0.2
3863732141 237 0.88174 0.06667
3863653077 767 1.3006 0.06667
3880486103 527 4.81633 0.125
3835316384 749 0.84586 0
3830153668 1130 2.05542 0.1
3483576532 390 42.96428 0
3832180091 827 2.18893 0.01667
3864091702 770 1.17032 0.1
3826615643 1124 2.23003 0.03333
2495395981 1730 1.24342 0.02
3852209775 204 4.32287 0.02222
3861959621 774 0.91496 0.03846
3794366951 1327 3.23654 0.05769
3803728872 1085 1.21442 0.3
3830140241 801 2.12017 0.05
3866999768 466 0.61013 0
3501741302 1568 6.3219 0.02055
3866982961 610 0.88394 0
1818192484 294 1.47848 0.08
3784207985 1391 2.08901 0.09589
2495257701 1704 1.26069 0.00667
3502058191 1641 6.51119 0.02013
3784212891 1343 2.09841 0.15493
3784210440 1464 1.41917 0.25
3304789260 145 0.30987 0.06667
3679823425 103 0.18873 0.21429
3824507138 853 2.3459 0.03077
3830154930 899 2.31106 0.03333
3829455448 1193 2.10404 0.02222
3708499440 427 1.68284 0
3758785083 420 65.69883 0.00667
3550130494 737 1.23524 0.05263
3764309631 190 14.35411 0
3802918623 1128 1.03023 0.23077
2420019592 2960 54.83469 0.01333
2206158654 1073 10.32494 0.08667
3764284227 160 1.16435 0.24242
3791045944 18 0.70793 3.5
3803088112 20 1.17295 0
3795961367 13 0.12245 1.7
2371950627 766 0.38015 0.71429
3756994991 509 20.75017 0
3824141495 553 24.93639 0
3950451904 1 0 0
3835727638 480 25.70863 0.01333
2970089205 170 0.11273 2.875
3835667046 678 25.32614 0
3283018605 2490 47.04891 0.02
3029551831 471 0.94045 0.40385
3901631658 102615 6.6455 0.30337
1727576195 29841 0.17398 8.96552
3769186273 52317 20.22529 0.49057
1863131402 5675 0.88737 2.29139
3874032078 130 0 0
3929645359 31 0.25466 0
3314881743 2212 44.20776 0
2678659817 162 0.15587 0.66667
3891400450 122 1.09803 0.1875
1794989180 277 1.11056 0.07285
3822767859 499 16.68448 0
3756923500 680 27.52434 0
2476750772 227 0.36949 0.95238
5000016234 20 3.03011 0
3911144542 97 2.31927 0.43333
3824373809 484 20.91246 0
3888952893 109 1.47599 0
3837116275 547 24.50108 0
3308615991 2174 44.14546 0
2775759441 106 0.08396 0.05882
3789294043 350 18.92231 0
3822399964 553 16.64824 0
3880202429 69 0.5832 0
3826465291 479 25.28164 0
3568346957 1169 54.83264 0.01333
3911439247 81 3.83184 0.02222
3822722100 512 16.4519 0
3303606497 277 5.93759 0.23333
3890041794 168 0 0.03333
3852006555 246 1.76625 0
3912494302 65 3.06494 0.03333
3287326261 1519 48.38698 0.01333
3908323875 107 4.1217 0
3929881268 60340 16.33355 0.14433
3191884752 552 0.70012 0.13333
3016289641 189 0.68771 0.70115
2695528522 385 0.06824 0.35294
3911030949 72 3.67471 0.04444
3737909263 237 5.38326 0
3390007982 11654 3.96466 1.01987
2974306542 11007 1.17279 0.0596
2684744253 163 1.01232 0.06667
3912242809 191 3.78755 0.06667
3772356233 748 15.48428 0
2128950421 236 0.68678 0.22819
3908307959 106 4.36595 0
2810657370 1637 0.13359 0.8
3911444212 107 3.83184 0.02222
2708016143 329 0.34881 0.64
3251527094 10354 3.61123 0.03333
1774888633 781 0.33562 1.29333
3845874588 12943 13.9916 0.09272
3852156741 216 5.58929 0
3822761194 542 16.64502 0
3043181770 72 0.37715 0.13333
3772521587 376 6.49764 0.02
1923984497 439 0.15474 0.03333
3146014163 1311 0.05953 0.07143
3912512928 191 3.8918 0.11111
3834370174 6175 18.46401 0.10667
3821186908 329 17.56081 0.88
3761768705 639 4.8817 0.1129
3822438786 370 17.27293 0.87333
3772364452 583 9.7084 0
3929345116 9 0 0
3911341201 99 3.86983 0
3477306502 1290 42.55585 0
3881141340 216 1.35857 0
2637265691 429 0.43197 0.29412
3863740758 200 0.15206 0.125
1732227537 1328 0.50956 0.62416
2740227733 266 0.42225 0.17284
3886883203 141 1.21357 0
3556091461 23 0.03837 2.2
2378415640 563 0 0
3873546244 955 15.62023 0.34667
3070550793 4491 8.86463 0.94702
3841909406 326 4.46622 0
2450774721 1174 0.13647 0.26667
3846348970 276 5.51433 0
2573970487 1224 0.05396 0.26667
3835637680 768 1.53104 0.08889
3852137120 142 0.08113 0
3863355672 181 0.15639 0
3317100271 1639 7.7555 0
1897176905 710 0.07575 2.93333
3175021012 120 0.09357 4
1068849587 488 1.46224 0.22449
3877152388 12249 10.60333 0.1
2084668043 2337 0.39117 0.05
3886427002 10678 2.76968 0.08696
3916338994 844 2.13178 0.81481
3718667625 91941 6.38653 0.10596
3826523546 419 0.76614 1.36
2384880810 774 0 0
3627352143 512 2.84823 0.02256
2447168575 256 0.41678 0.03604
2783064241 330 0.61829 0.10891
1876323552 267 0.29515 0.84874
2948994003 1690 1.9228 0.02667
3464777310 3012 46.22235 0.44706
3173862222 16666 1.18823 0.9
3772804104 302 30.28554 0
2543370640 171 0.38673 0.00971
1103697404 170 0.84813 0.05333
2118003463 790 0.53356 4.62
1842541040 133 0.06075 0.66667
2654391381 258 1.16643 0.04667
2082822967 339 0.15085 0.28846
3399290432 122 1.88062 0.84
3511398032 413 14.25743 0.01333
2187039600 218 0.2248 1.32
3654181994 57 1.33059 0.05634
3913744638 79 6.45724 0.24615
2262177960 383 0.75712 0.32667
3629104654 320 2.46257 0.17886
2353415310 404 0.23594 0.56338
2697116507 288 0.92652 0.05333
2818155461 96 0.41122 0.16418
3214094792 586 8.12312 0.06667
3008503061 106 0.35473 0.03448
2632313993 168 0.84793 0.37333
3209431711 132 0.94335 0.05435
1941782734 213 0.2092 0.39726
3463391240 62 0.12395 5
3183828162 124 2.01898 0.05333
3215516714 166 0.4158 1.31818
2037339227 373 0.79535 0.59333
2943972881 168 0.25682 0.13333
2459243104 96 0.08281 0.1
3912139267 71 3.82613 0
2217033784 264 1.71047 0.12
2151489367 173 0.0534 0.38095
2949246011 111 0.73456 0
2373782022 181 1.45215 0.13333
3273557527 364 0.84149 0.21333
3291179892 47 2.29226 0.03356
2786240631 109 0.33584 0.78462
2055813595 2119 0.28621 1.26667
2535924244 130 0.10416 1.06667
1955883785 279 0.34628 1.19835
3805799933 195 6.60392 0.12
3143196890 162 1.36223 0.04
3154415174 127 1.14272 0.55556
2248679164 110 0.12828 0.6
3322105460 117 0.40426 2.11111
3170271675 116 0.37497 0.0566
1582917594 245 1.88067 0.01333
3252383481 110 0.22746 0.48148
3556040953 24 0.26811 0.33333
3769323884 89 2.11555 0.26667
2346462020 143 0.03482 3.6
3888062497 231 1.21019 1.8
3197611172 344 0.52662 0.05
3829846434 206 0.96207 0.03333
1909937445 126 0.66635 0.02083
3262979152 280 0.49466 0.78261
2651273501 312 0.47861 0.27885
3896281744 107 35.36719 0
2865796922 56 0.21599 0.82222
2916441724 143 4.63226 0.04667
3780464181 37 0.27102 0.14286
2672685572 300 0.19577 0.07317
3893199417 28 1.35411 0.58333
2814355093 72 2.28657 0.00667
3231811590 30 0.65989 0
3271533230 73 0.15011 0.4
1229087890 116 0.33382 0.11429
3821544518 47 0.52742 0.26667
3751163053 124 1.47849 0.06667
2211021250 181 0.38603 0.56667
1559391080 746 1.61556 0.45638
3211944151 106 1.02922 0.21488
3528643960 77 0.64773 1.37778
3931257411 238 0 0
3397075172 186 0.77797 0
2889721430 65 0.10423 0.66667
3899965313 166 2.83663 0.02222
3870333229 40 2.90605 0.06667
3179414742 352 0.16589 1
3888854190 387 4.26348 0.2
3916513029 129 5.05414 0.22222
3032038713 166 0.35373 0.2069
3151578640 68 0.12615 0.13333
3911367316 100 12.94588 0.08148
3854461815 109 1.12787 0.1
3677258020 27 0.9618 0
3765074220 102 0.54968 0.41379
2715576157 125 0.46624 0.05333
3227472791 244 0.76601 0.58889
2835393275 117 0.44371 0.09091
2268262171 239 0.64405 0.55333
1936301945 138 0.10969 0.11111
3846675744 340 2.49862 0.3
2114788594 159 1.02958 0.02
3817486721 163 0.46041 0
1728658541 124 0.16199 0.06667
3300257355 427 0.28774 0.56667
3771077917 237 18.26998 0.24667
1774303143 786 1.33072 1
2646504143 386 3.98464 0.33333
2829788634 120 0.31492 0.19231
2865280121 93 1.29257 0.25676
3211617663 128 0.37782 0.13333
3170250853 207 1.78645 0.03333
3909397821 134 4.22001 0.06667
2995164053 167 0.10148 0.06667
3524429332 381 4.81109 0.0073
3780625643 205 0.42349 0.6
3286729930 76 0.5769 1.6
3911135693 103 3.83184 0.06667
2684093390 462 1.77623 0.01333
2761535741 82 0.10407 0.27586
2710705102 299 1.06215 0
2427648022 118 0.13154 0.17778
3790366595 260 4.70502 0.02667
1890955047 246 0.08193 0
2572570513 90 0.35014 0.04444
3228382783 129 4.13471 0.01333
1974079842 1107 1.09492 0.26
3814809302 121 26.41282 0
3853078192 21 0.06267 0.5
3840859240 170 10.55002 0
3097785821 3397 40.93757 0.00667
3261996011 1893 46.65957 0.00667
3918912249 56 0.17759 0
3921891350 97 0.29455 0
3919249665 45 0.25231 0
3887210786 112 1.6114 0
3625800127 211 0.70787 0.03333
3826403896 588 26.76359 0
3883183299 231 1.60263 0
3881422129 239 1.60535 0
3304152064 619 51.61104 0
3826528866 413 22.34083 0.01333
2336302943 223 1.25213 0.09333
3318573863 19 0.42066 0
3314991627 1939 45.80345 0.02
3895141354 187 2.03393 0.06667
3892160123 153 2.0208 0.06667
3310485965 32 0.29343 0
3394277340 1555 39.52288 0.01333
2742339702 564 1.00849 0.31944
2684931264 505 0.03747 2
2502620214 8645 7.41476 0.01333
3826895726 518 25.91591 0
3472516154 1101 45.56623 0.00667
1800455400 213 0.21716 0.31111
3848759536 216 5.92825 0
3921637351 70 0.75343 0.06667
3852183626 375 4.1364 0.01111
3754973440 599 22.47625 0
3919793900 109 0.25585 0
3316408923 26 0.42752 0
3824189518 171 1.36177 0
1490917185 197 0.01638 3.64286
1988305333 2 0.00098 0
3881647213 73 0.60156 0
3123053280 23 0.12039 0
3309817155 324 0.24253 0.43333
2723977493 236 0.62092 0.02542
3867983318 174 2.63716 0
3626655632 214 0.75831 0.03333
2723870980 182 0.0153 1.6
2723000000 328 0.47523 0.8
1829441443 268 0.28829 0.08
3853928704 194 5.65449 0.025
3887275124 121 1.3954 0.06667
3847770738 253 7.30142 0
3846552686 297 5.40799 0
3867821289 630 0.92306 0.08
3848262585 287 5.13506 0.00952
3881473054 267 2.52274 0.03704
3837090082 172 5.36089 0
3848558992 263 6.02696 0
3259635605 2002 43.8939 0
3310471265 325 2.8896 0.02
3146376511 1200 1.87997 0.06
2306008753 94 0.28031 0.17978
3448926990 1161 3.22575 0.42
3867839256 219 0.12575 0
2414327671 120 0.03428 5.26667
3263281401 2115 42.30537 0.00667
3616529311 196 1.42317 0
3881487892 156 1.19915 0
2789882190 234 5.02946 0
1583949183 275 2.13249 0
2802992912 223 4.98673 0
2919667864 275 5.02611 0
3314684691 284 26.72309 0
3880294445 54 20.05424 0
3919250551 44 0.30141 0
2920462670 237 5.13083 0
1778108954 358 2.12749 0.00667
2789930430 238 5.05139 0
3733854672 177 18.10066 0
3921916024 51 0.18928 0
3847146583 306 5.30215 0.01852
3793662633 248 15.19384 0
3810641001 200 15.46099 0
3757858520 287 14.56486 0.00667
1579334575 220 1.54085 0
2919564760 218 5.21264 0.00667
3848264072 224 5.54187 0
3852224688 139 0.18915 0.28571
3429901064 312 26.7136 0
1521131813 219 1.45221 0.00667
2919595862 231 5.14811 0.00667
2809976490 270 5.02601 0
3850618741 118 5.72195 0
2919395352 284 4.91091 0
3860444769 121 6.33723 0
3043483524 167 2.21147 0
2809619172 277 5.07085 0
3881392157 209 1.89845 0
2919773444 217 5.19685 0.00667
1784580487 105 0.01617 4.2
3802324842 194 14.92496 0
3045434500 198 2.4276 0
3843168170 242 0.22671 0
3846926065 210 1.78011 0
1520861197 355 2.06102 0
2920503200 223 5.29267 0
1588984022 337 2.10527 0
3788702187 1530 7.69003 0.00667
3472060630 355 38.44052 0
3816084255 92 20.02238 0
2789826834 280 4.98282 0.00667
3480016365 285 24.76206 0
3843160310 209 0.19837 0.14286
2789930962 301 4.87695 0.00667
3045283222 143 2.48414 0.00667
3636020790 237 31.14592 0.02
3824530859 909 5.79916 0.00667
3831670269 809 1.47984 0.02222
3201095040 86 1.52941 0.01333
1582585924 298 2.13514 0
2789853374 247 5.01038 0
2919663794 251 5.18265 0.00667
2789982942 248 5.0055 0.00667
1519755705 216 1.53983 0
3045139402 165 2.61987 0
2920583940 236 5.20262 0
3044094972 165 2.77188 0
3045033950 174 2.51571 0.00667
3561962362 308 22.86509 0
3564346392 292 4.01349 0.02778
3602498903 192 0.10938 0
3044353134 153 2.66481 0
2919580012 250 5.10353 0.00667
2803105480 254 4.93972 0.00667
2919775164 287 5.28218 0.00667
2789848440 220 5.06984 0.00667
3043793534 137 2.8467 0
3043775930 162 3.00468 0
1582677401 318 2.103 0
3509542590 603 17.44188 0.00667
2920236880 276 5.21068 0
2789880102 286 4.95713 0
3044321374 163 2.51134 0
3044286214 147 2.59334 0
1583132682 328 2.12822 0
3044773254 176 2.59885 0
2920105290 260 5.01579 0
3179220163 1500 39.07473 0.01333
3174059685 1432 39.52698 0.01333
3303720917 779 36.88553 0.01333
3276216120 634 43.27011 0.02
2804851392 282 5.07299 0
3045153512 171 2.40317 0
2920599680 272 5.3852 0.00667
3044302750 172 2.80894 0
2789873080 336 5.16324 0
3299553091 772 18.14633 0
2808810432 271 5.00497 0
2804944590 244 5.08385 0
3044539710 158 2.6392 0
1896910311 56 0.03706 0.73333
2783847983 601 6.20541 0.22378
3912232950 94 3.959 0.22222
3501930073 611 23.50711 0.02667
3757702711 459 19.0629 0
3753468242 420 18.07116 0.00671
2059693161 124 0.04532 0.13333
3757003842 374 15.76846 0
1156109470 341 0.57869 1.89333
1576062945 720 1.71957 1.34
3900375061 179 2.83663 0.04444
3863971974 132 6.54441 0.00741
3605363873 153 0.29491 0.93333
3912084635 95 3.85457 0.02222
3672779330 578 0.71201 0.1
3909097072 53 2.86207 0.03226
3177733342 120 20.58411 0
3157481865 530 15.5865 0
3908034251 66 4.90303 0
1163204352 1730 2.77796 3.14667
3873565448 307 3.56577 0.05455
3625798534 320 2.25785 0
3770117453 718 15.12578 0
3863330580 318 1.98931 0
3670156917 951 1.15197 0.08889
3911848470 47 17.47879 0.02
3846191215 236 0.12349 0.125
3835756941 807 0.85752 0.11111
2090860442 1168 4.76543 0
2494552122 938 2.9679 0.00667
3880071764 161 0.05355 0
3216206710 1486 0.204 1.69565
3913846924 50 19.52713 0.06667
3757667100 486 20.22248 0
1751851283 1275 0.32018 0.59155
3880305689 66 20.18766 0
2638779982 413 5.16297 0
1858564271 10 0.01639 0
2869205052 938 1.55961 2.70667
3228732777 700 0.58339 0.31818
3888952897 120 1.41243 0.06667
3863395205 106 0.18761 0
3852169739 219 3.8781 0.04444
3848014779 113 0.122 0
2470590234 234 0.48045 0.16296
3875140611 218 -437596.41656 0.00667
3879559323 1 0 0
3078868560 648 1.27253 0.61333
3803484100 167 6.54251 0
2115311284 348 0.79821 0.83333
2960389157 86 0.29746 1.11111
3753938432 145 0 0
3302639830 144 0.3319 1.36667
2883797922 1229 18.44934 0.18919
1670644554 263 0.94332 1.27333
1340418481 156 0.25605 0.26667
2153434571 1161 1.32753 2.58667
2170447907 231 0.3973 0.76
1412591751 881 9.86836 0.54667
1182499414 1311 8.49118 0.89333
1914176653 1 0 0
1403205234 160 0.85021 0.49664
2977697854 116 0.31886 1.46667
2837907097 221 0.90096 0.32353
3382976084 2151 10.34699 0.04667
3724266022 14 2.1627 1
3083377850 207 4.04843 0.00952
2706531645 222 0.40737 0.13483
1874512771 126 0.34268 0.63704
1525618381 213 8.94017 0.27333
2130783272 3634 0.00212 0
3102432145 69 0.26386 0
1652095045 233 0.16889 0.71111
1746952674 169 0.09598 0.22222
3054113827 390 1.44321 0.59459
1869752505 197 0.16293 2.92063
2528204910 375 1.06059 0.06
3726043220 12 0.96018 0.28571
1877617725 66 0.57706 0.11409
1628927842 184 0.71601 0.24832
1850332877 203 0.0643 0
1739152385 516 0.61752 1.54362
1661809931 977 0.98358 1.36806
2305453697 760 3.07689 3.46309
2876767325 793 0.61843 0.27885
2722308833 85 0.37538 0.69333
3636297225 2 0 0
3707300182 12 0 0
3626762104 3 0 0
1993613665 430 1.95197 0.03356
3010428847 9 0.01555 0
2125672013 55472 0.21918 3.37333
3612552075 1 0 0
3579682234 2 0.05912 0
3612533034 1 0 0
1712246925 349 0.25327 0.39167
3339562914 3225 5.47485 0.56376
3213743575 60 0.44913 1.16667
3025248481 139 0.23761 0.53333
3579780005 4 0 0
2140242525 3060 2.42267 1.36667
3606945412 1 0 0
3568410715 1 0 0
3607427925 1 0 0
3641986424 1 0 0
3308615991 2175 44.1491 0
1871114202 75 0.09571 1.71111
2550881537 34 0.09087 0.03333
2369913704 73 0.0653 0.04167
1916501671 593 0.68241 0.03333
2616819507 94 0.10311 0.26667
3906214888 97 4.01929 0.04348
2552542955 141 0.19761 0.37778
3149981740 62 0.15655 0.52632
2967010247 168 0.0447 3
1682443562 1156 1.59765 0.11806
2269382933 18 0.02165 0.06667
2762980212 169 3.88265 0
1893624090 280 2.15359 0
3912432688 55 2.98706 0
2393196710 1080 0.04368 17.26667
2819001933 498 9.87867 0.00667
2536395144 1090 0.53048 0.06667
2474485760 331 1.34938 1.70667
2121867733 843 6.25113 0.08667
2636835581 230 0.40215 0.49383
2813835217 199 0.35166 1.01639
2658214691 391 0.192 1.17778
2968140422 64 4.24408 0
1848008283 147 0.12889 0.01754
1842057191 124 0.04373 0.33333
2563873660 95 0.11249 0.83333
2262842000 114 0.30691 0.2
1281368195 243 0.22952 0.07965
2966370307 43 0.01803 0
3036298167 31 0.01716 0.83333
3093819495 495 0.90543 0.04098
1878356195 1015 1.12955 0.35333
3183010280 413 0.07796 0.66667
3163988144 37 0.01118 0
3026987223 87 0.39774 0.36667
2931035867 225 1.12898 0.09396
2589193692 119 0.09816 0.2069
2960345592 554 0.27658 1.81395
2114021424 80 0.48999 0.05333
2097400665 424 0.5869 0.12081
2259528987 170 0.34856 0.08654
3674106275 659 0.48199 0.06897
2638276595 266 0.01817 2.08333
1860011284 133 0.25426 0.01905
2624187761 314 1.00167 0.18667
2947307581 16 0.0159 0
3772804105 774 15.26619 0
1146365592 132 0.05784 5.46667
2653179225 327 0.62765 0.24088
2725899425 323 0.13155 0
1093210754 83 3.67196 0.01333
2294851837 247 1.72416 0.1
2816910362 430 1.13645 0.08
2706448413 103 0.4578 0.08421
1849666463 43 0.05888 0.7
3025008311 139 1.95042 0.10078
2129341567 766 1.60921 0.03333
2386214662 164 0.15546 2.22222
2485583911 95 0.17011 0.22222
2518529792 179 0.12569 0.03125
3029551831 471 0.94045 0.40385
2556049124 416 0.169 0.31111
2516008170 143 0.53879 0.2069
3066886641 75 0.07793 1.8
1865671292 221 0.15397 1.16949
2413761855 66 0.04547 0.13333
3390007982 11655 3.96466 1.01987
2660034970 123 0.74148 0
2780772193 571 1.63496 0.17568
3607605432 335 4.51139 0.1
3833562754 16 2.1643 0.05
3908890729 738 5.24952 0.38333
1269481603 276 0.36102 0.56204
2483323597 92 0.37859 0.37778
3261970887 786 3.46111 0.06
3912500105 558 22.43164 0.10667
1455441683 223 0.42259 0.18966
3939827889 376 7.94401 0.2
3834370174 6176 18.46401 0.10667
3226687890 66 0.64603 0.05263
2930595695 85 0.04407 1.2
3058248937 12569 0.17465 1.5
2192881495 553 0.18615 0.06667
3707648724 130 7.56879 0.64667
2357783527 711 0.16452 0.65909
2748062613 194 0.05726 0.4
2882877005 899 0.28909 0.36667
2797133510 238 0.81143 0.08333
3851670086 2947 2.57027 0.32143
3947503748 2 0 0
3178605587 223 0.08236 0
2542474045 218 0.1949 0.09615
3592061830 176 0.00699 1
3934872389 61 6.2009 0.52941
3829915129 148 10.99474 0.00671
3304234693 196 0.10574 0.6
3782809857 210 1.53995 0
1967572291 490 6.18842 0.02
1967577777 309 1.64287 0.38255
3928019570 249 13.84418 0.13333
3704233617 461 0.47065 0.33333
2249880403 1405 0.22775 0.08219
3942546665 3 0 0
3882591941 281 4.26426 0.12
2503767401 1118 0.03643 4.13333
3709479902 358 52.04043 0
2123005882 271 0.1981 0.21429
2985669104 13204 1.19991 0.01333
3684119505 1562 0.42012 0.44444
3876542884 1765 2.34397 0.35556
2475711480 1396 0.73965 0.19205
2185018034 337 0.14353 1.52273
2185011111 661 0.1491 0.07143
2315978495 125 0.4573 0.68148
3165418221 1503 0.63915 0.04444
3484919951 94 0 0
2393183582 104 0.10399 0.73333
1626385730 227 0.14782 0.06897
2650875501 7231 0.1425 0.125
2885197874 1797 0.19379 0.23684
2256434600 347 0.23381 3.89333
2476998347 211 0.23355 0.23333
2281077384 1475 2.70639 0.32667
3024685181 109 0.04709 5.46667
3850636561 269 1.08598 0.3913
3893945619 643 4.40269 0.26667
1980342872 1989 0.81479 0.3
1893662161 259 1.05913 0.12583
3656593995 8989 4.55354 0
3138009870 14613 7.45683 0.31333
2898469793 57 0.05065 1.13333
3730111625 1098 0.80819 0.39474
3227133312 132 0.08241 0.4
2645176100 529 0.02651 2.4
3923094106 163 12.84076 0.47368
3092619442 295 0.0114 0.25
3894598447 1720 3.01345 0.28889
2961071931 246 0.58789 0.2809
2856745412 171 0.27002 1.37736
2014017722 657 0.2521 0.62222
2630903045 1024 0.39288 0.02381
3793768150 216 1.52535 0
1847397517 634 0.10342 0.04444
3794310764 222 1.6554 0.01667
2987554094 873 5.89332 0.20946
2490175074 525 0.19169 0.11864
2856485824 434 0.15931 0.63333
3645680571 994 13.8382 0.05333
2151078394 1703 0.16721 2.06667
2996170343 206 0.65271 0.21782
3332000214 123 0.12257 0
3137232777 396 0.14656 0.66667
3906523860 338 1.05658 0.93333
2831988952 484 1.02924 0.1573
3145123744 1293 0.16412 2
1803900535 3780 0.9124 0.67568
3305913843 514 0.18054 0.04762
3517882673 154 0.14959 0.53333
3207948704 631 0.86107 0.31111
3627223387 1103 1.08948 0.28889
3307395130 210 0.19221 1.2
3671106267 495 3.42585 0.02143
2802764390 767 0.38081 1.12
2993595057 1169 0.43933 1.97183
2397720487 431 0.26045 0.76
2449681337 980 3.02839 0.28
3404660452 674 0.53323 0.66667
2834134573 1127 3.33613 2.95302
2645703133 1733 0.78687 1.38
2649440737 491 0.26487 0.28333
2011925562 538 0.79213 1.18
2946466585 422 2.87399 0
3693777184 92 0.5895 0.36667
3653771155 12658 4.53372 0.08667
3876339833 793 12.56306 0.07333
2844631790 127 0.09953 0.75
2340587701 160 0.00123 5
1708679752 735 0.03069 0.13333
3794333155 209 1.65575 0.01667
2722848515 436 1.40571 0.08667
1640298913 804 1.83028 0.02667
2091241732 272 1.6595 1.47333
3762340044 222 0.98511 0.27778
3029551831 471 0.94045 0.40385
2779524687 504 0.30416 0.45763
3921542901 57 2.87043 1.6
2563385534 95 0.08097 0.23333
2051367251 395 0.69644 0.86364
3021586813 106 0.01741 1
3828467111 3463 3.99255 0.17778
2110417034 424 6.0524 0.13333
3810449555 108 3.42668 0.00952
1911835633 254 1.00332 0.64667
2503851820 285 0.19722 0.22414
3749909233 285 0.58725 0.43333
1118453701 194 1.31646 0.06711
2806510864 301 0.12062 2
3297266731 1454 0.15555 0.13333
3916338994 847 2.13178 0.81481
2315858303 349 1.01242 1.64667
1145787037 1666 2.80275 0.62
3843579436 3915 50.72909 0.29801
3928020636 1 0.15002 0
2338061675 458 0.69034 0.26667
3883074492 927 1.5439 0.13333
2408237565 3189 0.52753 0.70667
3857338743 1044 3.66278 0.66216
3926311241 40 6.62628 0.56667
2117186207 795 0.88802 0.6
2214536131 700 0.50784 0.03333
3696796093 1277 0.29124 1.5
2791793645 247 0.39575 0.02222
2174685687 60 0.04563 0.06667
3867643946 424 0.56831 0
2573970487 1227 0.05396 0.26667
3848902443 123 3.45672 0.18987
2005824543 940 0.08149 1.23333
3224093585 167 2.02156 0.06667
2581084757 184 0.03295 0
2609662182 410 2.57749 0.04
1730465263 755 0.03717 1.27273
2621247381 881 0.58385 0.09701
3338924902 811 0.69312 0.46552
2680473150 498 0.14436 1.475
2609743353 415 0.04981 0.13333
2760301583 495 0.15447 0
2899522101 208 0.01802 7
2395296084 727 0.45519 0
2978013277 63 0.04332 0
3905071694 2971 2.87447 0.60465
3184491720 90 0.34003 0.82222
1101297655 11477 4.2878 0.08054
2959033190 950 0.63076 0.08333
2946735797 218 0.04436 5.33333
1907814664 1066 0.15108 0.25
3899447465 232 1.67532 0.3
2664533082 665 0.97507 0.04828
3886953554 150 1.65785 0.13333
2746442745 331 0.25707 1.10345
2726723871 744 0.12348 1.4
2046495507 152 0.68952 0.36242
2677560781 1018 0.30203 0.1746
2678272264 338 0.13495 1.38235
3276064573 914 0.57398 1.91489
3083859541 244 0.11825 0.11765
1202179204 259 0.02402 0.07143
3287958055 498 0.17812 0.38462
1985398074 406 0.05347 0.04348
2821305503 127 0.18688 0.09756
2013234827 852 0.10819 0.22222
1791503180 810 0.43544 0.44
1597822955 263 0.95051 0.01333
2653328287 307 0.07605 1
3157390044 108 0.04681 0.8
3186257202 170 0.07431 0
1813618541 610 0.47856 0.06164
1673411640 594 0.1553 0.19672
2686383037 573 1.39106 0.15333
3009008387 284 0.54682 0.16
3017311823 133 0.06126 0.46667
2975066955 107 0.0573 0
2537581557 1651 0.11922 1.56667
2926457707 106 0.29765 0.22222
3287257125 1881 49.10756 0.00667
2706768034 156 0.11975 0.23333
1005296664 749 0.06438 0.07143
2599445524 201 0.2054 0
1756456443 534 0.1244 0.13793
2536178203 112 0.05833 1.35714
2210172845 1377 0.09848 1.26667
2764343060 143 0.16135 0.13333
2034487463 126 0.03577 3.33333
3152666412 2089 0.81525 0.18182
2387144565 127 0.15381 0
3309307965 2125 44.34767 0
1750316145 100 0.02323 1.78571
2621761587 764 0.04634 3.06667
2643028765 540 0.03649 4.6
2634028971 569 0.70949 0.14765
2862048364 465 0.49948 0.01111
2260418935 528 0.15493 0.97727
1558566907 263 1.55459 0.02685
2619630772 955 0.14757 0.68889
3835312926 537 21.09987 0
1600693141 301 0.35597 0.05556
1882193471 103 0.46574 0.06
3151895981 694 3.95635 0.00667
2494254801 288 0.15151 0.525
1021809965 372 0.04685 0.15385
2980963853 625 1.39092 0.29333
2744068655 149 0.01612 6
2341097660 254 0.535 0
2744860672 92 0.02924 0.06667
2504243390 1837 0.43233 0.51667
1798591747 344 0.42741 0.00676
2748118971 837 0.04849 0.06667
2113713042 122 0.04051 0.06667
2699589790 371 0.37867 0.77778
2204818977 721 0.16912 0.06667
2827123960 121 0.18515 0.09524
2407107947 469 0.72333 0.38667
2157559274 761 0.36471 0.175
2861250503 554 1.03833 0.16
2677486557 517 0.54743 0.08333
2573970487 1228 0.05396 0.26667
1260180057 569 0.05302 2.2
3848902443 124 3.45672 0.18987
2005824543 942 0.08149 1.23333
3224093585 168 2.02156 0.07333
2581084757 184 0.03295 0
2609662182 410 2.57749 0.04
1730465263 756 0.03717 1.27273
2621247381 881 0.58385 0.09701
3338924902 812 0.69312 0.46552
2680473150 498 0.14436 1.475
2609743353 415 0.04981 0.13333
2760301583 495 0.15447 0
2899522101 208 0.01802 7
2395296084 727 0.45519 0
2978013277 63 0.04332 0
3905071694 2971 2.87447 0.60465
3184491720 90 0.34003 0.82222
1101297655 11477 4.2878 0.08054
2959033190 950 0.63076 0.11429
2946735797 220 0.04436 5.33333
1907814664 1069 0.15108 0.25
3899447465 232 1.67532 0.3
2664533082 666 0.97611 0.04138
3886953554 150 1.65785 0.13333
2726723871 744 0.12348 1.4
2046495507 152 0.68952 0.36242
2677560781 1018 0.30203 0.1746
2678272264 338 0.13495 1.38235
3276064573 914 0.57398 1.95745
3083859541 244 0.11825 0.11765
3287958055 499 0.17812 0.38462
1985398074 407 0.05347 0.04348
2821305503 127 0.18688 0.09756
2013234827 854 0.10819 0.22222
1791503180 809 0.43544 0.44
1597822955 263 0.95051 0.01333
2653328287 307 0.07605 1
3157390044 108 0.04681 0.8
3186257202 170 0.07431 0
1813618541 610 0.47856 0.06164
1673411640 594 0.1553 0.19672
2686383037 575 1.39106 0.15333
3009008387 284 0.54682 0.16
3017311823 133 0.06126 0.46667
2975066955 107 0.0573 0
2537581557 1652 0.11922 1.56667
2926457707 106 0.29765 0.22222
3287257125 1881 49.10756 0.00667
2706768034 155 0.11975 0.23333
1005296664 750 0.06438 0.07143
2599445524 201 0.2054 0
1756456443 534 0.1244 0.13793
2536178203 113 0.05833 1.35714
2210172845 1378 0.09848 1.26667
2764343060 143 0.16135 0.13333
2034487463 126 0.03577 3.33333
3152666412 2090 0.81525 0.18182
2387144565 127 0.15381 0
3309307965 2125 44.34945 0
2948994003 1701 1.9228 0.02667
2489658955 263 0.20059 0.35714
3837389260 350 25.05997 0
1978748557 71 0.10895 0.44444
3041637035 694 0.69541 0.64762
2845772512 302 0.45968 0.70513
3836433484 182 0.40952 0.86667
3627659121 261 0.19889 0.06667
2310448414 401 1.20447 0.02667
3173033837 381 0.76341 0.38095
2405278981 95 0.31603 0.11111
2616746937 48 0.18672 0.02326
2908188305 275 0.2041 0.19444
1734761830 309 0.02628 0.4
3155993593 511 2.71747 0.15333
2931565811 151 0.18562 0.66667
3815651548 217 1.86835 0.43333
3282298501 346 4.58757 0.2
3833088340 449 1.30248 0.61538
2152096891 373 0.16779 0.78333
2783659187 239 0.02572 0
3173970321 179 4.86889 0.02
2984475475 168 0.6198 0.02174
2687024021 4231 38.03677 0